0 0.3011644951140065 0.369 0.025781758957654725 0.08532142857142858
0 0.3507328990228013 0.425 0.021091205211726385 0.09466071428571428
3 0.39052931596091206 0.43014285714285716 0.021294788273615636 0.12723214285714285
1 0.4323615635179154 0.41964285714285715 0.03370521172638437 0.1732142857142857
5 0.4826465798045603 0.42610714285714285 0.032475570032573293 0.1816785714285714
3 0.5286482084690554 0.427 0.018623778501628666 0.18346428571428572
3 0.5703827361563517 0.44151785714285713 0.024723127035830617 0.15444642857142857
5 0.6202524429967426 0.41896428571428573 0.030822475570032575 0.18526785714285715
5 0.6710423452768729 0.4064642857142857 0.03671824104234528 0.23167857142857146
0 0.7399511400651465 0.42344642857142856 0.03405537459283388 0.12278571428571429
1 0.7852442996742671 0.3654285714285714 0.02488599348534202 0.11389285714285714
1 0.2715472312703583 0.6053035714285715 0.02965798045602606 0.098125
4 0.3215228013029316 0.5615714285714286 0.025781758957654725 0.135625
4 0.37882736156351793 0.6039642857142857 0.03656351791530944 0.14007142857142857
4 0.4289006514657981 0.6113392857142858 0.030855048859934855 0.09676785714285714
5 0.4650325732899022 0.6349821428571428 0.03186482084690554 0.09942857142857142
3 0.5176628664495114 0.64525 0.012923452768729641 0.11103571428571428
3 0.5477850162866449 0.6242678571428572 0.016172638436482083 0.14942857142857144
0 0.5750651465798046 0.6155714285714287 0.005586319218241043 0.16326785714285716
0 0.5954234527687297 0.6278392857142857 0.013721498371335506 0.10301785714285713
0 0.6256514657980455 0.6354285714285713 0.015146579804560262 0.16280357142857144
0 0.6796986970684039 0.6463571428571429 0.02755700325732899 0.10880357142857143
0 0.7201058631921824 0.6356607142857144 0.03304560260586319 0.08739285714285713
4 0.7756758957654722 0.5791964285714286 0.026115635179153093 0.12178571428571429
4 0.8191368078175896 0.6006250000000001 0.02549674267100977 0.11105357142857142