1 0.3350710108604845 0.4997368421052632 0.02227234753550543 0.1385902255639098
1 0.3759983291562239 0.4426691729323308 0.02894736842105263 0.15129699248120299
1 0.40273182957393483 0.4612218045112782 0.023926482873851296 0.11793233082706767
1 0.4575522138680034 0.41635338345864664 0.031228070175438598 0.1550751879699248
1 0.5272013366750209 0.4447744360902256 0.03059314954051796 0.11325187969924812
1 0.5892230576441102 0.41964285714285715 0.03350041771094403 0.11468045112781955
1 0.6473851294903926 0.4276315789473684 0.030776942355889726 0.1588345864661654
0 0.6759983291562238 0.4912781954887218 0.016992481203007517 0.15926691729323308
0 0.7131746031746031 0.4718045112781955 0.016148705096073517 0.0967857142857143
3 0.4873099415204678 0.5815037593984963 0.013475355054302422 0.07652255639097745
3 0.47071010860484547 0.5911090225563911 0.01994987468671679 0.1286654135338346
1 0.4351044277360067 0.5939473684210527 0.026015037593984963 0.09671052631578948
1 0.4206934001670844 0.6237781954887218 0.018078529657477027 0.08588345864661653
1 0.3399749373433584 0.6153195488721805 0.02581453634085213 0.08778195488721804