0 0.21556611927398445 0.4693836978131213 0.03739844425237684 0.13560636182902583
0 0.25974070872947275 0.5007554671968191 0.01972342264477096 0.05520874751491053
0 0.30132238547968887 0.47027833001988073 0.024131374243733794 0.10910536779324057
0 0.3476058772687986 0.4694035785288271 0.02067415730337079 0.10733598409542744
0 0.3822731201382887 0.4561431411530815 0.02662057044079516 0.13385685884691848
5 0.4228867761452031 0.46606361829025844 0.02526361279170268 0.2023061630218688
5 0.4660069144338807 0.47292246520874753 0.01738980121002593 0.1850695825049702
3 0.5008643042350908 0.47932405566600395 0.012195332757130509 0.15813121272365807
3 0.5465687121866897 0.47646123260437373 0.019101123595505618 0.15679920477137177
1 0.5774935177182368 0.4607753479125249 0.02331892826274849 0.19170974155069584
5 0.6130250648228176 0.4536978131212724 0.029075194468452897 0.19524850894632206
0 0.6625669835782195 0.45922465208747515 0.012938634399308558 0.20186878727634197
0 0.6952203975799481 0.501868787276342 0.016776145203111496 0.10600397614314115
0 0.7413137424373379 0.5115705765407554 0.024442523768366465 0.12542743538767395
0 0.7818323249783924 0.5166600397614314 0.01713915298184961 0.12232604373757455
0 0.8158254105445116 0.5053876739562625 0.027510803802938633 0.11306163021868787
4 0.2339152981849611 0.616023856858847 0.03144338807260156 0.11785288270377733
4 0.28384615384615386 0.6246322067594433 0.023751080380293863 0.10415506958250498
3 0.36143474503025064 0.628389662027833 0.03295592048401037 0.16023856858846916
5 0.43451166810717373 0.6559840954274353 0.023535004321521176 0.1933399602385686
5 0.629533275713051 0.696182902584493 0.03905790838375108 0.14121272365805168
1 0.528228176318064 0.6515705765407555 0.026594641313742437 0.14918489065606363
0 0.7510112359550561 0.6873558648111332 0.049602420051858255 0.14121272365805168