4 0.22240421455938697 0.279375 0.044214559386973176 0.19495967741935485
4 0.807816091954023 0.5808266129032258 0.037940613026819926 0.08997983870967742
1 0.7479022988505747 0.37435483870967745 0.018160919540229886 0.08024193548387096
1 0.7035249042145594 0.3817338709677419 0.025191570881226054 0.09054435483870966
0 0.6623467432950192 0.3978629032258065 0.01731800766283525 0.08695564516129033
5 0.6081704980842911 0.36941532258064513 0.030316091954022985 0.16893145161290324
5 0.43652298850574717 0.38060483870967743 0.029703065134099618 0.18235887096774195
3 0.5350670498084291 0.42562500000000003 0.01818965517241379 0.17830645161290323
5 0.5701819923371647 0.3886693548387097 0.024568965517241376 0.16266129032258067
4 0.5005842911877395 0.5962701612903226 0.02586206896551724 0.11639112903225805
4 0.46631226053639846 0.583508064516129 0.029693486590038315 0.14909274193548389
2 0.4349233716475096 0.6170967741935484 0.015871647509578545 0.11772177419354839