4 0.16203969128996693 0.6544988864142539 0.05022050716648291 0.1677728285077951
5 0.3066813671444322 0.45766146993318485 0.02197353914002205 0.16612472160356348
0 0.697276736493936 0.4806013363028953 0.0203638368246968 0.14516703786191537
1 0.5598015435501654 0.44766146993318484 0.02545755237045204 0.16835189309576837
5 0.39852260198456446 0.44986636971046773 0.027023153252480708 0.19953229398663697
1 0.5100882028665932 0.4561024498886414 0.02083792723263506 0.176369710467706
4 0.7406063947078281 0.6019376391982182 0.0254244762954796 0.15178173719376392
4 0.7604520396912899 0.4028953229398664 0.03865490628445425 0.1367706013363029
5 0.6331201764057331 0.4496659242761693 0.028754134509371553 0.13229398663697103
1 0.5999338478500551 0.4552338530066815 0.01750826901874311 0.1389532293986637
5 0.40502756339581036 0.5966146993318485 0.036945975744211684 0.11968819599109132
2 0.36853362734288864 0.6146325167037863 0.028798235942668136 0.1548997772828508
1 0.548787210584344 0.6050779510022272 0.03515986769570011 0.13839643652561248
3 0.4749173098125689 0.4434298440979955 0.018853362734288864 0.15543429844097997