0 0.24684918347742557 0.27688559322033895 0.02363112391930836 0.11497881355932205
0 0.2740634005763689 0.41597457627118645 0.020422670509125843 0.0588771186440678
0 0.31429394812680117 0.391271186440678 0.02191162343900096 0.07065677966101695
3 0.5246493756003842 0.3785381355932203 0.01781940441882805 0.16762711864406782
5 0.560624399615754 0.39125 0.019308357348703172 0.14597457627118646
1 0.6318059558117195 0.3651271186440678 0.018655139289145053 0.1831779661016949
0 0.7629682997118156 0.37995762711864406 0.022689721421709896 0.12338983050847457
0 0.7068299711815561 0.38796610169491524 0.01714697406340058 0.12997881355932203
4 0.20703170028818446 0.6254237288135593 0.048607108549471666 0.11052966101694915
5 0.46050912584053794 0.6091525423728813 0.02829010566762728 0.2145550847457627
0 0.7547550432276657 0.5955296610169492 0.03400576368876081 0.12137711864406779
2 0.37267050912584054 0.6590677966101695 0.03833813640730067 0.14487288135593218