0 0.40952196382428946 0.42521604938271607 0.021576227390180877 0.17993827160493825
0 0.326343669250646 0.430679012345679 0.016227390180878553 0.08169753086419752
0 0.28281653746770025 0.41194444444444445 0.020607235142118863 0.09641975308641974
1 0.6534883720930232 0.43756172839506174 0.01855297157622739 0.18564814814814815
5 0.6031007751937985 0.39672839506172836 0.027118863049095606 0.1989506172839506
4 0.8187467700258398 0.6796296296296296 0.0727906976744186 0.15700617283950616
4 0.2627390180878553 0.6938888888888889 0.04803617571059431 0.12851851851851853
5 0.4389276485788114 0.6853395061728396 0.02475452196382429 0.18737654320987654
3 0.5317441860465116 0.441820987654321 0.015594315245478036 0.14672839506172838
3 0.5734883720930233 0.40620370370370373 0.019560723514211887 0.1989506172839506
0 0.7693540051679587 0.4332716049382716 0.023708010335917313 0.12962962962962962
0 0.7324935400516797 0.45749999999999996 0.01953488372093023 0.13055555555555554
1 0.5964470284237726 0.6162654320987654 0.02771317829457364 0.12049382716049382