0 0.2616301489921122 0.4066153846153846 0.022340052585451357 0.10406593406593406
0 0.30632778264680105 0.4322417582417582 0.0201840490797546 0.09182417582417583
3 0.48588080631025415 0.37340659340659343 0.030289219982471517 0.16265934065934068
3 0.5373882559158633 0.40586813186813187 0.02852760736196319 0.11723076923076924
5 0.5926993865030674 0.34312087912087913 0.030070113935144614 0.17243956043956044
2 0.598737949167397 0.5679780219780219 0.022673093777388256 0.12885714285714286
4 0.2567659947414549 0.576021978021978 0.03207712532865907 0.1400879120879121
5 0.3994127957931639 0.578945054945055 0.04276073619631902 0.14593406593406594
1 0.4025328659070991 0.369978021978022 0.030289219982471517 0.18123076923076922
0 0.724250657318142 0.4012307692307692 0.030245398773006135 0.10307692307692308
0 0.7580368098159509 0.3914725274725275 0.014075372480280455 0.06402197802197802