0 0.2159673024523161 0.529738219895288 0.025190735694822886 0.08277486910994765
0 0.2636376021798365 0.5682722513089006 0.009073569482288829 0.09321989528795811
0 0.30450953678474113 0.5785078534031414 0.02641689373297003 0.08036649214659686
1 0.3489645776566757 0.5675392670157068 0.01871934604904632 0.10607329842931938
1 0.3783242506811989 0.5979842931937173 0.025408719346049043 0.1288743455497382
1 0.41820163487738415 0.5637434554973821 0.030844686648501363 0.11748691099476441
3 0.4630381471389646 0.5337696335078534 0.02638964577656676 0.12416230366492147
3 0.4999318801089918 0.5492408376963351 0.01598092643051771 0.11225130890052357
5 0.5434059945504087 0.5285340314136125 0.026117166212534064 0.12321989528795811
5 0.5883651226158039 0.5254188481675393 0.00952316076294278 0.15986910994764397
3 0.6323297002724796 0.5368586387434555 0.010749318801089917 0.14463350785340315
0 0.6705994550408719 0.5466230366492146 0.01544959128065395 0.12130890052356022
0 0.7166621253405994 0.5454188481675393 0.018419618528610352 0.08562827225130891
0 0.7653405994550408 0.5180628272251309 0.014196185286103542 0.08324607329842933
4 0.8299863760217984 0.6560471204188482 0.039455040871934605 0.13075916230366494
4 0.7746185286103543 0.6724607329842932 0.015435967302452317 0.10172774869109948
4 0.21570844686648502 0.6741361256544502 0.06927792915531335 0.05269633507853403
5 0.4985694822888283 0.7324083769633507 0.04049046321525886 0.12641361256544503
1 0.4224114441416894 0.7454973821989528 0.024414168937329703 0.19539267015706807
2 0.5619891008174387 0.7374083769633508 0.028596730245231607 0.15068062827225132