0 0.18455135135135137 0.43965641952983725 0.022616216216216217 0.11437613019891502
0 0.23846486486486487 0.458625678119349 0.025037837837837838 0.0981012658227848
0 0.2899459459459459 0.45681735985533456 0.027999999999999997 0.09448462929475587
0 0.3229189189189189 0.47354430379746837 0.01827027027027027 0.10079566003616637
1 0.3515675675675676 0.47195298372513567 0.02151351351351351 0.12927667269439422
5 0.40128648648648646 0.46245931283905967 0.03447567567567568 0.15549728752260397
3 0.44656216216216216 0.4778481012658228 0.0196 0.09582278481012658
3 0.5012864864864864 0.46450271247739605 0.01823783783783784 0.11887884267631102
5 0.5488432432432433 0.4581735985533454 0.03768648648648649 0.1423869801084991
1 0.6091135135135135 0.46766726943942133 0.02309189189189189 0.11616636528028933
1 0.6505945945945946 0.446871609403255 0.033081081081081085 0.11075949367088607
0 0.7020756756756756 0.45907775768535264 0.025232432432432433 0.10804701627486438
0 0.7520756756756757 0.4401084990958409 0.022518918918918916 0.08817359855334539
0 0.7934162162162162 0.4324231464737794 0.03495135135135135 0.09992766726943941
4 0.1282054054054054 0.5496925858951176 0.04235675675675676 0.1219891500904159
4 0.8039567567567567 0.5440506329113924 0.06142702702702703 0.09714285714285714
4 0.7567999999999999 0.5801989150090416 0.03468108108108108 0.11518987341772152
4 0.6068108108108108 0.6028028933092224 0.032 0.13142857142857145
2 0.5660108108108107 0.6294575045207956 0.04228108108108108 0.13233273056057868
2 0.5212756756756757 0.6109222423146473 0.025805405405405407 0.1404882459312839
1 0.4499351351351351 0.6244846292947558 0.017167567567567567 0.13504520795660038
5 0.41263783783783786 0.6418987341772152 0.024745945945945945 0.10746835443037975
1 0.3403459459459459 0.6165822784810127 0.02881081081081081 0.14725135623869803
1 0.2949513513513513 0.6353345388788426 0.024486486486486485 0.13504520795660038
4 0.24305945945945948 0.6088969258589513 0.039632432432432425 0.12285714285714286