4 0.2618389423076923 0.3298305084745763 0.03703125 0.12201271186440679
4 0.7386899038461539 0.3223093220338983 0.06179086538461538 0.10697033898305085
4 0.8232211538461538 0.48868644067796607 0.04868990384615384 0.08661016949152543
4 0.22271634615384617 0.5305720338983051 0.036237980769230765 0.12328389830508474
4 0.3988461538461538 0.6623516949152543 0.03860576923076923 0.14203389830508475
2 0.5318509615384616 0.6268220338983052 0.026838942307692307 0.14158898305084747
1 0.44318509615384616 0.4425635593220339 0.03111778846153846 0.145
2 0.4108653846153846 0.43832627118644063 0.025252403846153848 0.16476694915254236
2 0.5405288461538462 0.4519703389830509 0.030841346153846153 0.145
2 0.5896634615384616 0.4281991525423729 0.022283653846153845 0.15866525423728814
2 0.6564423076923076 0.4305508474576271 0.016935096153846155 0.11629237288135594
0 0.6977043269230769 0.4185593220338983 0.011322115384615385 0.08758474576271187
4 0.6394711538461538 0.6616525423728814 0.05513221153846153 0.11709745762711865