4 0.22999999999999998 0.3128721174004193 0.028881199538638984 0.09838574423480084
4 0.21333333333333335 0.49729559748427676 0.021188004613610152 0.1131656184486373
4 0.7119492502883507 0.2511530398322851 0.02649365628604383 0.14733752620545074
4 0.7673125720876586 0.5033542976939204 0.04903114186851211 0.089895178197065
5 0.4580968858131488 0.4309224318658281 0.0339677047289504 0.1528092243186583
3 0.5035870818915802 0.4561006289308176 0.014740484429065743 0.09132075471698113
3 0.5330565167243368 0.45981132075471703 0.017289504036908883 0.11737945492662474
1 0.5663783160322953 0.47517819706498954 0.022410611303344867 0.12016771488469602
0 0.6201960784313726 0.4563312368972746 0.017277970011534027 0.08712788259958072
0 0.30944636678200693 0.43303983228511533 0.013483275663206458 0.09645702306079665
0 0.2701038062283737 0.4069601677148847 0.014267589388696654 0.08155136268343816
0 0.27113033448673585 0.5210691823899372 0.036816608996539796 0.09547169811320755
0 0.3232871972318339 0.5466666666666666 0.020657439446366783 0.08146750524109014
1 0.4395155709342561 0.6204821802935011 0.030126874279123417 0.149895178197065
2 0.47013840830449827 0.6467924528301886 0.032422145328719724 0.14194968553459117
3 0.5281891580161476 0.6230398322851153 0.022929642445213377 0.1410482180293501
0 0.5658708189158016 0.6165199161425576 0.021384083044982696 0.12800838574423481
0 0.5952133794694348 0.6337526205450734 0.015997693194925028 0.11589098532494758
2 0.6231487889273356 0.6221174004192872 0.025732410611303342 0.12054507337526206