0 0.34361300075585793 0.4669472182596291 0.024081632653061225 0.10079885877318116
5 0.4092365835222978 0.44697574893009984 0.03188208616780045 0.15594864479315262
5 0.5993197278911564 0.4590870185449358 0.03663643235071806 0.18493580599144077
5 0.5340740740740741 0.5173323823109843 0.022040816326530613 0.08746077032810272
3 0.5008163265306123 0.5137803138373752 0.01423280423280423 0.05656205420827389
3 0.4694557823129252 0.49760342368045646 0.026334089191232053 0.10029957203994294
3 0.5296674225245653 0.5147218259629102 0.020778533635676492 0.096490727532097
3 0.562161753590325 0.5156633380884451 0.020272108843537414 0.1364194008559201
0 0.6760393046107331 0.445549215406562 0.026296296296296297 0.14359486447931527
0 0.722010582010582 0.4648074179743224 0.014950869236583524 0.08225392296718972
4 0.7608087679516251 0.39778887303851646 0.03207860922146636 0.09085592011412268
3 0.742668178382464 0.5570328102710413 0.036114890400604685 0.09550641940085593
2 0.5826984126984127 0.6247646219686163 0.01346182917611489 0.1501283880171184
1 0.3890854119425548 0.5900570613409415 0.0318896447467876 0.12828815977175465
4 0.23263794406651547 0.6050356633380884 0.0263718820861678 0.14396576319543508