4 0.23430583501006036 0.4723938223938224 0.03022132796780684 0.10355212355212355
1 0.2896981891348088 0.49625482625482625 0.01790744466800805 0.11034749034749033
1 0.36259557344064386 0.5234749034749036 0.031146881287726358 0.14664092664092662
1 0.4042454728370221 0.5355212355212354 0.04818913480885312 0.1116988416988417
1 0.46046277665995977 0.5128185328185328 0.020945674044265592 0.13895752895752897
1 0.4978672032193159 0.5232432432432432 0.029476861167002013 0.16891891891891891
5 0.5321931589537223 0.5248262548262549 0.027102615694164993 0.15845559845559845
5 0.5770422535211268 0.5244015444015444 0.03394366197183099 0.14845559845559847
5 0.6227162977867203 0.5414285714285714 0.016438631790744465 0.1144015444015444
0 0.6869818913480885 0.5709266409266409 0.024225352112676055 0.0916988416988417
1 0.7246277665995976 0.5144015444015444 0.028490945674044265 0.09216216216216216
4 0.7595372233400403 0.4757915057915058 0.03438631790744467 0.09671814671814673
4 0.232897384305835 0.6408494208494208 0.05579476861167002 0.10436293436293437
4 0.29134808853118715 0.6506177606177606 0.03541247484909457 0.1284169884169884
3 0.5091146881287726 0.7144401544401544 0.016458752515090543 0.12428571428571428
3 0.5584708249496982 0.6942084942084943 0.008631790744466801 0.14293436293436296
1 0.5994164989939639 0.6998841698841699 0.019517102615694164 0.13154440154440156