0 0.2593846153846154 0.5018884120171674 0.013325443786982248 0.06817596566523605
0 0.2988284023668639 0.52 0.0396094674556213 0.08532188841201717
1 0.3714082840236686 0.5502789699570816 0.03749112426035503 0.1315450643776824
5 0.4516094674556213 0.5426394849785408 0.03485207100591716 0.1544420600858369
5 0.5616686390532545 0.54431330472103 0.04192899408284024 0.20066523605150216
0 0.7561301775147928 0.5037982832618026 0.02323076923076923 0.11012875536480687
0 0.7224615384615385 0.5080901287553649 0.029550295857988164 0.10916309012875536
4 0.7788757396449704 0.6055793991416308 0.05557396449704142 0.08954935622317596
4 0.23821301775147927 0.6186909871244636 0.036721893491124265 0.10145922746781116
1 0.5397041420118344 0.7287982832618026 0.026946745562130177 0.12141630901287553
5 0.4777751479289941 0.7094849785407725 0.01617751479289941 0.163862660944206
2 0.4158461538461538 0.7035407725321889 0.015928994082840237 0.1567167381974249
2 0.3645680473372781 0.7190343347639485 0.03434319526627219 0.12570815450643777