0 0.2678227194492255 0.4517753623188406 0.016712564543889846 0.07382246376811594
0 0.3316092943201377 0.5144746376811594 0.025094664371772806 0.08239130434782609
1 0.3737693631669535 0.4965942028985507 0.019922547332185885 0.10005434782608695
1 0.40604130808950084 0.5183152173913044 0.015611015490533564 0.10730072463768116
1 0.4409982788296042 0.4857246376811594 0.014526678141135972 0.11456521739130435
3 0.4879001721170396 0.5366485507246377 0.013666092943201378 0.10320652173913043
1 0.5296299483648881 0.5443478260869565 0.011075731497418244 0.12764492753623188
1 0.5532960413080894 0.5495652173913044 0.015370051635111875 0.10635869565217392
1 0.5791135972461273 0.5461594202898551 0.015370051635111875 0.13126811594202897
1 0.6155765920826162 0.5377898550724638 0.02160068846815835 0.13715579710144926
0 0.723459552495697 0.5058695652173913 0.03814974182444062 0.11409420289855073
0 0.23888984509466435 0.6444021739130434 0.02983648881239243 0.11943840579710147
4 0.299552495697074 0.6435144927536233 0.03929432013769363 0.08141304347826087
1 0.5673838209982788 0.7064311594202899 0.03193631669535284 0.1366123188405797
2 0.5219965576592082 0.6944384057971014 0.010860585197934595 0.12438405797101448
1 0.4824096385542168 0.6740760869565217 0.017753872633390705 0.09269927536231884
1 0.45208261617900175 0.6826811594202898 0.01302065404475043 0.08273550724637682
4 0.7796127366609295 0.6351268115942028 0.03771084337349397 0.08730072463768115