0 0.20208686440677967 0.3384107579462103 0.02239936440677966 0.14284841075794621
0 0.23704449152542373 0.3917114914425428 0.037224576271186444 0.08316625916870415
0 0.3014459745762712 0.44914425427872856 0.021959745762711865 0.08557457212713937
5 0.3833262711864407 0.47211491442542786 0.031054025423728815 0.16084352078239608
3 0.478125 0.5288141809290954 0.019385593220338983 0.17645476772616137
3 0.5148834745762711 0.5405501222493888 0.01874470338983051 0.12169926650366748
5 0.565301906779661 0.5207457212713936 0.026366525423728814 0.1847677261613692
5 0.6268432203389831 0.512200488997555 0.020211864406779658 0.12366748166259169
1 0.7015148305084746 0.4623471882640587 0.03354343220338983 0.1100122249388753
1 0.7391207627118644 0.41468215158924204 0.024427966101694915 0.0997799511002445
1 0.7849841101694915 0.34820293398533003 0.02929555084745763 0.08418092909535452
4 0.19128177966101695 0.5434841075794621 0.0558739406779661 0.12755501222493887
4 0.787844279661017 0.5498533007334963 0.033739406779661016 0.13047677261613694
1 0.6031144067796611 0.6798777506112469 0.03207627118644068 0.0971638141809291
3 0.5015360169491525 0.7250855745721272 0.013241525423728813 0.14358190709046456
3 0.4577860169491525 0.73559902200489 0.021085805084745765 0.16947432762836184