0 0.21003709591944886 0.47048009367681504 0.016899841017488076 0.12971896955503512
0 0.2502066772655008 0.5121545667447307 0.014562798092209858 0.11002341920374707
1 0.29439851616322205 0.5126229508196721 0.04147323794382618 0.15778688524590165
5 0.4352464228934817 0.5542974238875878 0.03276099629040805 0.1380913348946136
5 0.56697933227345 0.5299414519906324 0.02701112877583466 0.18305620608899298
0 0.688749337572867 0.5453981264637002 0.022543720190779014 0.11094847775175644
4 0.7785108638049815 0.6451288056206089 0.05156332803391627 0.16988290398126465
0 0.7066613672496026 0.7219203747072599 0.03080551139374669 0.13611241217798595
5 0.44913089560148384 0.7621896955503512 0.02024907260201378 0.12298594847775175
3 0.5056173820879704 0.6132903981264637 0.020874403815580287 0.12495316159250584
1 0.5771542130365659 0.774367681498829 0.030402755696873344 0.14731850117096018