5 0.15547449259462426 0.3251083591331269 0.02240811848601207 0.15898864809081528
0 0.20785518376302797 0.40377708978328175 0.03391662095447065 0.1254076367389061
0 0.2591387822270982 0.46826625386996906 0.02129456939111355 0.07894736842105263
5 0.3351069665386725 0.4574200206398349 0.05803071859572134 0.1295046439628483
1 0.4509764125068568 0.5069349845201239 0.023730115194733954 0.16661506707946336
3 0.5085682940208448 0.5224045407636738 0.037986834887548 0.18930856553147574
5 0.5468294020844762 0.4703095975232198 0.03166758091058694 0.16560371517027864
1 0.7806253428414701 0.40584107327141383 0.03574328030718595 0.10889576883384933
4 0.145874931431706 0.5260268317853457 0.0416072408118486 0.13254901960784313
4 0.36417443773998903 0.6555108359133127 0.0393746571585299 0.11286893704850362
1 0.5833022490400438 0.6671207430340558 0.02233680746023039 0.08964912280701755
1 0.6166264399341744 0.6353869969040248 0.02589687328579265 0.12423116615067079
4 0.8048985189248491 0.5476883384932921 0.037657707076247944 0.15523219814241485