0 0.16600112485939256 0.3497616468039003 0.01703599550056243 0.12659804983748646
0 0.20379077615298086 0.3865872156013001 0.022429696287964006 0.10491874322860238
0 0.24832958380202474 0.4374864572047671 0.03052305961754781 0.12437703141928494
1 0.3142463442069741 0.4487540628385699 0.03186164229471316 0.1122426868905742
5 0.3752080989876265 0.4792957746478873 0.0412992125984252 0.13431202600216685
5 0.5438076490438695 0.4896749729144096 0.03879640044994376 0.22442036836403031
3 0.4969066366704162 0.5299783315276273 0.028233970753655795 0.15768147345612132
3 0.4428065241844769 0.533011917659805 0.02126546681664792 0.12042253521126761
3 0.40456130483689534 0.5146045503791983 0.02577052868391451 0.13992416034669555
0 0.6236670416197976 0.4771397616468039 0.014038245219347581 0.05200433369447454
0 0.7208492688413949 0.3707692307692308 0.028419572553430823 0.09496208017334778
0 0.7581889763779527 0.3666522210184182 0.03111361079865017 0.13438786565547128
4 0.7945163104611924 0.507453954496208 0.0340326209223847 0.11263271939328277
4 0.15025309336332957 0.5440628385698808 0.023340832395950507 0.12951245937161432
3 0.4667604049493813 0.7180065005417119 0.021940382452193475 0.13502708559046586
3 0.4891451068616423 0.700899241603467 0.023959505061867267 0.09648970747562297
0 0.5593307086614173 0.7089057421451789 0.029347581552305962 0.12550379198266523
0 0.32032058492688414 0.666673889490791 0.012514060742407199 0.10603466955579632