0 0.2102544667027612 0.4792384105960265 0.02159718462371413 0.11874172185430464
0 0.25508391987005957 0.4878476821192053 0.028949648077964265 0.1050551876379691
5 0.341591770438549 0.5249116997792495 0.022225230102869517 0.14386313465783665
5 0.39497022198159176 0.5520640176600442 0.022864103952355167 0.13193156732891834
3 0.47975094748240393 0.5613245033112583 0.02133188955062263 0.15929359823399558
3 0.5215430427720628 0.5864900662251655 0.022625879805089334 0.13014348785871965
1 0.572652950730915 0.5765562913907285 0.020882512181916623 0.13236203090507725
5 0.6097888467785598 0.49953642384105956 0.028023822414726583 0.1416777041942605
5 0.7049648077964266 0.49467991169977926 0.038619382782891176 0.14079470198675498
1 0.7830265295073091 0.43796909492273733 0.02799675148890092 0.12008830022075055
1 0.8338115863562534 0.43068432671081675 0.03210070384407147 0.16290286975717438
5 0.21144558743909042 0.6471743929359823 0.03480238224147266 0.13231788079470197
5 0.29146182999458586 0.6946136865342164 0.0497347049269085 0.14332229580573952
3 0.456367081754196 0.7270640176600441 0.01787222523010287 0.12431567328918322
3 0.48408229561451005 0.743841059602649 0.012669193286410394 0.10488962472406181
3 0.5129940443963183 0.7255187637969095 0.02067677314564158 0.09916114790286976
3 0.5399512723335138 0.7427373068432671 0.020454791553871143 0.08944812362030906
5 0.5789334055224689 0.728167770419426 0.029112073632918248 0.10445916114790287
4 0.7810774228478614 0.6500441501103753 0.03709258256632377 0.1512913907284768
4 0.8302382241472659 0.619150110375276 0.03578234975636167 0.10717439293598234