0 0.23205141388174805 0.3755457552370452 0.015362467866323906 0.11073869900771775
0 0.3346632390745501 0.42554575523704524 0.02562982005141388 0.23286659316427785
0 0.42494087403598974 0.4319625137816979 0.030961439588688945 0.18830209481808158
3 0.5332082262210797 0.48642778390297686 0.020046272493573266 0.17809261300992282
3 0.48107969151670954 0.48927232635060636 0.015732647814910027 0.23234840132304302
5 0.5747506426735219 0.46702315325248067 0.024149100257069407 0.15696802646085997
5 0.6262622107969151 0.43241455347298785 0.03462724935732647 0.16272326350606395
0 0.70933676092545 0.4407938257993385 0.019809768637532133 0.1001212789415656
1 0.7557120822622108 0.38899669239250273 0.024118251928020563 0.11557883131201764
4 0.1762210796915167 0.5260970231532525 0.05794344473007712 0.1516427783902977
4 0.25004627249357325 0.5518853362734288 0.028730077120822622 0.1458985667034179
3 0.49825192802056556 0.6859206174200662 0.025809768637532135 0.1211135611907387
3 0.520668380462725 0.6962734288864388 0.018812339331619538 0.1568246968026461
4 0.700185089974293 0.6603528114663727 0.044694087403598974 0.13348401323043