0 0.18029891304347825 0.6044745762711865 0.03189673913043478 0.10972881355932203
4 0.23453260869565218 0.6530395480225989 0.029500000000000002 0.13907344632768362
4 0.29702717391304345 0.698677966101695 0.026228260869565215 0.1309039548022599
1 0.3956032608695652 0.7366327683615819 0.025559782608695653 0.13449717514124293
3 0.44484239130434783 0.7490508474576271 0.02272826086956522 0.1385649717514124
3 0.49679347826086956 0.7291751412429379 0.012717391304347824 0.10603389830508475
0 0.588304347826087 0.7187796610169491 0.026179347826086958 0.11237288135593221
0 0.7360108695652174 0.6668248587570621 0.03680434782608696 0.08980790960451977
1 0.7801358695652174 0.5965649717514124 0.033755434782608694 0.08940112994350283
0 0.7706847826086957 0.40046327683615823 0.02136413043478261 0.11301694915254237
0 0.736336956521739 0.43368361581920906 0.02223913043478261 0.09357062146892656
1 0.6889510869565217 0.4906101694915254 0.04051086956521739 0.11702824858757062
1 0.6401521739130436 0.5281016949152543 0.02334239130434783 0.12875706214689267
1 0.6098260869565217 0.5294576271186441 0.021391304347826087 0.12242937853107344
5 0.5868967391304348 0.5351073446327683 0.016831521739130433 0.1472768361581921
5 0.5525489130434783 0.5430056497175141 0.035097826086956524 0.1676045197740113
1 0.4710326086956522 0.5622146892655367 0.03293478260869565 0.14725423728813558
3 0.44353804347826087 0.5500225988700564 0.014896739130434782 0.13190960451977402
5 0.40223369565217393 0.5317175141242938 0.02795108695652174 0.17212429378531074
5 0.35397826086956524 0.513638418079096 0.035782608695652175 0.20828248587570622
1 0.31322282608695656 0.5168022598870057 0.03035326086956522 0.15135593220338983
2 0.29028804347826087 0.4903954802259887 0.020576086956521737 0.08855367231638418
0 0.2454021739130435 0.48337853107344636 0.025146739130434786 0.10257627118644068
0 0.21670652173913044 0.4311977401129944 0.01993478260869565 0.08407909604519774