4 0.242109375 0.2953125 0.0420703125 0.13015625
5 0.6483203125 0.414296875 0.045703125 0.1934765625
5 0.59203125 0.4547265625 0.029609375 0.1456640625
3 0.5582421875 0.4813671875 0.031015625 0.1621875
3 0.52859375 0.495390625 0.031484375 0.203984375
5 0.428203125 0.4515234375 0.0374609375 0.1300390625
5 0.5894921875 0.652265625 0.038359375 0.1547265625
0 0.699765625 0.59828125 0.0383203125 0.09734375
5 0.4483984375 0.6462890625 0.0411328125 0.1519921875
0 0.294921875 0.60609375 0.0466796875 0.10375
0 0.8036328125 0.476328125 0.043828125 0.0877734375