1 0.2071875 0.422109375 0.0383984375 0.1226953125
3 0.4835546875 0.3915625 0.0333203125 0.18015625
3 0.5274609375 0.39015625 0.0337890625 0.1866015625
5 0.5743359375 0.38375 0.0172265625 0.1369921875
0 0.6524609375 0.395703125 0.02640625 0.1425
0 0.7455078125 0.4041796875 0.0241015625 0.118125
4 0.7659375 0.3153125 0.0419921875 0.101171875
1 0.7181640625 0.5571875 0.0199609375 0.102421875
2 0.412109375 0.59828125 0.0328515625 0.170859375
3 0.49828125 0.57921875 0.0259765625 0.1465234375
5 0.38546875 0.383984375 0.0530859375 0.169609375