4 0.2586228622862286 0.5313769363166954 0.04425742574257426 0.13676419965576592
0 0.2963186318631863 0.5948364888123925 0.02287128712871287 0.09586919104991394
1 0.34593159315931593 0.595697074010327 0.029837983798379836 0.09759036144578313
1 0.3953195319531953 0.5535283993115319 0.031854185418541854 0.11654044750430291
1 0.4456075607560756 0.5343889845094665 0.02666966696669667 0.16860585197934594
3 0.5003960396039604 0.5414802065404476 0.021485148514851487 0.14407917383820998
5 0.5583348334833483 0.5300860585197935 0.0316021602160216 0.14278829604130808
5 0.6152565256525652 0.5492254733218589 0.023942394239423945 0.15955249569707403
1 0.6814041404140414 0.5518072289156627 0.039234923492349236 0.16471600688468158
0 0.758019801980198 0.6109638554216867 0.019198919891989196 0.09800344234079174
0 0.7993069306930692 0.5475387263339071 0.026615661566156617 0.1044578313253012
4 0.843969396939694 0.5343889845094665 0.02008100810081008 0.13418244406196211
4 0.25176417641764176 0.7613080895008606 0.05978397839783978 0.12759036144578312
5 0.5324572457245724 0.7337693631669535 0.03836183618361836 0.14137693631669535
5 0.6216651665166516 0.7374182444061962 0.04351935193519352 0.17879518072289155
0 0.7239333933393339 0.7815146299483648 0.03877587758775877 0.14220309810671258
4 0.8011071107110711 0.7655938037865748 0.026615661566156617 0.17060240963855422