0 0.314921875 0.4935546875 0.0544921875 0.1635546875
0 0.260703125 0.491015625 0.0171875 0.1723046875
4 0.206484375 0.6049609375 0.0581640625 0.124453125
0 0.7769921875 0.430625 0.0456640625 0.0652734375
0 0.74390625 0.5133203125 0.0346484375 0.08359375
0 0.6496875 0.5006640625 0.0208984375 0.127265625
3 0.533671875 0.4901171875 0.0323828125 0.1337109375
4 0.458984375 0.5008984375 0.0346875 0.1782421875
4 0.4498046875 0.7028125 0.0346875 0.200625
4 0.6864453125 0.6490625 0.05765625 0.1575
1 0.7289453125 0.6501953125 0.0277734375 0.1551953125
2 0.6085546875 0.6525 0.0259375 0.1505859375