4 0.271953125 0.3208203125 0.0375 0.1122265625
0 0.7546875 0.345390625 0.0424609375 0.1108203125
4 0.777890625 0.67890625 0.0475 0.1344921875
4 0.2476171875 0.652734375 0.071484375 0.1096875
3 0.49734375 0.4974609375 0.024140625 0.1667578125
3 0.545390625 0.4928515625 0.023671875 0.157578125
1 0.6014453125 0.4466796875 0.02546875 0.1617578125
0 0.691484375 0.45265625 0.0401953125 0.109375
0 0.463125 0.46875 0.0337890625 0.1691015625
5 0.4019921875 0.468515625 0.031015625 0.1180859375
4 0.4964453125 0.656171875 0.0406640625 0.1579296875
2 0.580078125 0.6848828125 0.0241015625 0.1188671875