5 0.4098046875 0.4625390625 0.0374609375 0.1337109375
5 0.5777734375 0.483671875 0.0470703125 0.1208203125
5 0.704140625 0.4737890625 0.03328125 0.096484375
5 0.6094921875 0.621484375 0.0277734375 0.1023828125
3 0.5325 0.621484375 0.0346875 0.139140625
3 0.5008203125 0.495390625 0.0172265625 0.0937109375
3 0.474375 0.50296875 0.0333203125 0.104296875
3 0.5313671875 0.4928515625 0.0369921875 0.1208203125
5 0.3826953125 0.588203125 0.0291796875 0.1138671875
4 0.2163671875 0.57140625 0.064140625 0.1033203125
4 0.2705859375 0.426484375 0.025546875 0.0845703125
4 0.3569921875 0.4664453125 0.032890625 0.1185546875
1 0.637734375 0.4540234375 0.03375 0.1580859375