0 0.2857421875 0.4131640625 0.02828125 0.0855078125
0 0.3790234375 0.468515625 0.040234375 0.1180859375
3 0.4608203125 0.4776953125 0.038359375 0.1180859375
3 0.4996484375 0.461171875 0.0562890625 0.1217578125
5 0.5619140625 0.4351953125 0.038359375 0.129609375
5 0.6161328125 0.4473828125 0.0365234375 0.09421875
5 0.6749609375 0.413828125 0.02546875 0.10984375
4 0.1984375 0.6012890625 0.0375 0.0803515625
1 0.3905078125 0.6759375 0.035625 0.0963671875
2 0.5189453125 0.67203125 0.0213671875 0.129921875
2 0.555703125 0.6862890625 0.0213671875 0.112421875
2 0.614765625 0.6697265625 0.0245703125 0.097734375