1 0.2891796875 0.3518359375 0.039765625 0.1053125
1 0.4029296875 0.356171875 0.032890625 0.192109375
3 0.49 0.337109375 0.0278125 0.1677734375
3 0.5428515625 0.3745703125 0.0323828125 0.17375
5 0.58375 0.344921875 0.0314453125 0.17421875
0 0.727109375 0.4131640625 0.0241015625 0.140625
2 0.68140625 0.3816796875 0.05671875 0.0823046875
1 0.7025390625 0.6398828125 0.02546875 0.1207421875
4 0.825234375 0.6125390625 0.059453125 0.1166015625
4 0.1924609375 0.556015625 0.0715234375 0.1230859375
1 0.411640625 0.613203125 0.0411328125 0.2144921875
1 0.5465234375 0.564765625 0.0397265625 0.1497265625