5 0.3875390625 0.5148828125 0.0342578125 0.2016796875
1 0.4564453125 0.536953125 0.0434375 0.1538671875
3 0.4991796875 0.5316796875 0.0278125 0.157109375
3 0.5223828125 0.5358203125 0.014453125 0.1194140625
2 0.567890625 0.5280078125 0.022734375 0.149765625
2 0.61890625 0.5146875 0.0236328125 0.1506640625
0 0.7013671875 0.5043359375 0.009375 0.134609375
4 0.7680078125 0.625859375 0.0415234375 0.0973046875
1 0.7172265625 0.6555078125 0.036484375 0.115234375
1 0.381328125 0.71546875 0.035625 0.1018359375
2 0.424296875 0.7427734375 0.015859375 0.1978515625
0 0.318359375 0.744375 0.02921875 0.1321484375
2 0.617734375 0.6899609375 0.0259375 0.1381640625
2 0.5748046875 0.7228125 0.02734375 0.1165625
3 0.47 0.736328125 0.02 0.185