0 0.26046875 0.537890625 0.0420703125 0.0822265625
4 0.202109375 0.6715625 0.0632421875 0.1198046875
4 0.8105078125 0.6672265625 0.0851953125 0.0880859375
0 0.7909765625 0.4901171875 0.03234375 0.096953125
0 0.74390625 0.5314453125 0.0346484375 0.087734375
0 0.6798046875 0.5438671875 0.030546875 0.0849609375
5 0.606015625 0.5426953125 0.0346875 0.105625
3 0.521484375 0.5548828125 0.031015625 0.125390625
3 0.485390625 0.5592578125 0.01859375 0.1387109375
1 0.4417578125 0.5433984375 0.032421875 0.13
1 0.4539453125 0.744609375 0.0337890625 0.164765625
1 0.61796875 0.7115234375 0.0401953125 0.11703125