4 0.2158984375 0.3982421875 0.0356640625 0.0786328125
4 0.7792578125 0.541796875 0.04109375 0.1037890625
4 0.73859375 0.572578125 0.0378515625 0.101015625
0 0.6901171875 0.5829296875 0.0282421875 0.0803515625
1 0.6126953125 0.5884375 0.0250390625 0.1097265625
2 0.54515625 0.5480078125 0.0278125 0.102421875
2 0.423359375 0.540625 0.032421875 0.1428515625
1 0.3716796875 0.56109375 0.04390625 0.1240234375
1 0.327578125 0.5553515625 0.02921875 0.0803515625
0 0.2733203125 0.5571875 0.049453125 0.0656640625
2 0.6122265625 0.748046875 0.03328125 0.1211328125
2 0.493671875 0.73359375 0.0167578125 0.1059765625
2 0.4190234375 0.733359375 0.0191015625 0.1101171875
2 0.35859375 0.72625 0.05171875 0.0949609375
0 0.2549609375 0.7085546875 0.049453125 0.07890625