0 0.2322265625 0.3247265625 0.017734375 0.1154296875
2 0.326640625 0.4354296875 0.0273828125 0.1622265625
2 0.3645703125 0.4441796875 0.025078125 0.1337109375
2 0.404765625 0.4312890625 0.054921875 0.1815234375
3 0.4456640625 0.4747265625 0.035625 0.1534765625
3 0.479453125 0.4708203125 0.03421875 0.1686328125
3 0.5269921875 0.4625390625 0.023671875 0.152109375
5 0.576640625 0.4542578125 0.031015625 0.1723046875
2 0.6407421875 0.4473828125 0.0351171875 0.1493359375
2 0.731953125 0.433359375 0.029140625 0.144296875
4 0.7877734375 0.28796875 0.0351171875 0.1521875
5 0.5941015625 0.674765625 0.0291796875 0.1537890625
2 0.5313671875 0.6821484375 0.01859375 0.13171875
2 0.4019921875 0.6844140625 0.031015625 0.16390625
2 0.3553515625 0.7028125 0.0066796875 0.1271484375
0 0.2554296875 0.6123046875 0.041171875 0.1023828125