5 0.650625 0.314609375 0.04109375 0.095234375
5 0.6241796875 0.3887890625 0.038828125 0.1562890625
1 0.5587109375 0.4239453125 0.0411328125 0.1484375
3 0.5325 0.4198046875 0.0346875 0.149375
3 0.4930078125 0.43796875 0.0291796875 0.1534765625
2 0.4509375 0.426484375 0.05078125 0.1764453125
2 0.3983203125 0.3807421875 0.023671875 0.1355859375
0 0.35328125 0.4028125 0.025546875 0.1245703125
0 0.2696484375 0.3980078125 0.0237109375 0.1011328125
4 0.206015625 0.5475390625 0.0664453125 0.1290625
5 0.6071875 0.6237890625 0.0323828125 0.1896484375
4 0.80453125 0.565234375 0.0456640625 0.1230859375
2 0.436015625 0.6759375 0.0255078125 0.133125