5 0.1697265625 0.4244140625 0.0398046875 0.1033984375
5 0.5871875 0.383515625 0.0245703125 0.122734375
5 0.637265625 0.375 0.0236328125 0.147109375
1 0.672421875 0.386953125 0.0158203125 0.115859375
4 0.8183203125 0.6235546875 0.036484375 0.1202734375
5 0.3916796875 0.387421875 0.05171875 0.1443359375
5 0.388203125 0.621015625 0.040234375 0.16578125
3 0.4665625 0.6196484375 0.0452734375 0.13546875
3 0.46265625 0.3725 0.023671875 0.1190625
3 0.5235546875 0.39203125 0.030546875 0.1351171875
5 0.5628515625 0.6012890625 0.0401953125 0.1170703125
4 0.17109375 0.6350390625 0.0517578125 0.1340625
5 0.6402734375 0.6047265625 0.061796875 0.146953125