0 0.2096875 0.403046875 0.0480859375 0.1167578125
1 0.3128515625 0.3733984375 0.0365625 0.139296875
3 0.4681640625 0.4266796875 0.016328125 0.17234375
3 0.509765625 0.4239453125 0.0213671875 0.1484375
5 0.54953125 0.4184375 0.022734375 0.15578125
0 0.754453125 0.3366796875 0.028203125 0.1025390625
1 0.3397265625 0.6247265625 0.0305859375 0.1363671875
5 0.544921875 0.6054296875 0.0319140625 0.13453125
5 0.6087890625 0.4173046875 0.021796875 0.10296875
0 0.7457421875 0.546171875 0.0383203125 0.0803515625
0 0.2402734375 0.6044921875 0.0383984375 0.0959375
4 0.1858203125 0.5868359375 0.040703125 0.0908984375