5 0.388203125 0.4517578125 0.0365625 0.1222265625
5 0.4537109375 0.4478515625 0.0379296875 0.1410546875
3 0.494609375 0.4616015625 0.01859375 0.131875
3 0.5316015625 0.457265625 0.0328515625 0.1553125
1 0.58765625 0.4579296875 0.0346875 0.1612890625
0 0.649453125 0.4554296875 0.025 0.1332421875
0 0.7411328125 0.45796875 0.029140625 0.0877734375
0 0.7523828125 0.621484375 0.0470703125 0.083984375
2 0.61546875 0.6591796875 0.04890625 0.1041796875
2 0.5396484375 0.66515625 0.0167578125 0.106953125
5 0.4486328125 0.660546875 0.0369921875 0.152890625
1 0.485390625 0.6699609375 0.0369921875 0.14875
4 0.2632421875 0.6621484375 0.0476171875 0.1239453125