0 0.2673828125 0.4855078125 0.02828125 0.1061328125
0 0.3326171875 0.5050390625 0.0301171875 0.1405859375
5 0.505859375 0.514921875 0.0365234375 0.164921875
5 0.5548046875 0.541328125 0.01953125 0.1120703125
2 0.590625 0.536484375 0.0176953125 0.1621484375
2 0.6158984375 0.510078125 0.022265625 0.141484375
2 0.6600390625 0.5250390625 0.036953125 0.111640625
4 0.7604296875 0.6518359375 0.0383203125 0.0784765625
5 0.52421875 0.7119921875 0.0365234375 0.1455078125
2 0.4580859375 0.6892578125 0.0328515625 0.113828125
4 0.1915625 0.6157421875 0.0512890625 0.1138671875
5 0.3953515625 0.514921875 0.040703125 0.1098046875
0 0.66578125 0.6848828125 0.0438671875 0.082109375
2 0.6234765625 0.6860546875 0.0328515625 0.0798046875
4 0.4139453125 0.680078125 0.0365625 0.113828125