5 0.3459375 0.49421875 0.047578125 0.16953125
3 0.478984375 0.51375 0.024140625 0.1672265625
3 0.5083984375 0.5275390625 0.046171875 0.1580078125
5 0.544453125 0.491015625 0.0401953125 0.15390625
3 0.606015625 0.5121484375 0.0346875 0.12265625
1 0.688515625 0.5082421875 0.0571875 0.119453125
0 0.7335546875 0.53421875 0.036953125 0.1116015625
4 0.8084375 0.714296875 0.04890625 0.1225390625
4 0.2735546875 0.741875 0.063671875 0.1225
2 0.5221875 0.722109375 0.01859375 0.1289453125
2 0.646015625 0.73703125 0.013515625 0.1174609375
0 0.684609375 0.7308203125 0.0355859375 0.118828125
0 0.7420703125 0.71890625 0.0309765625 0.1133203125
0 0.265078125 0.5698046875 0.0512890625 0.11390625