4 0.2232421875 0.5001953125 0.0503515625 0.0987890625
4 0.7565234375 0.5236328125 0.0461328125 0.118046875
2 0.423125 0.7427734375 0.0365625 0.1243359375
5 0.4334765625 0.56359375 0.0342578125 0.1152734375
3 0.5187109375 0.5597265625 0.0181640625 0.1451171875
2 0.57203125 0.5519140625 0.021796875 0.105625
1 0.653828125 0.5844921875 0.038359375 0.1616796875
5 0.6097265625 0.5865625 0.0236328125 0.1612109375
2 0.3682421875 0.7586328125 0.032421875 0.096328125
0 0.2510546875 0.618046875 0.0278515625 0.0908984375
1 0.338359375 0.6051953125 0.03703125 0.1019140625