0 0.19590285110876454 0.3989055793991416 0.018236536430834213 0.18645922746781116
0 0.2935163674762407 0.48972103004291845 0.035110876451953536 0.15351931330472104
1 0.24119324181626187 0.4291845493562232 0.029017951425554384 0.1182618025751073
5 0.3697782470960929 0.4756652360515021 0.04214361140443505 0.19690987124463522
5 0.44157338965153115 0.4689914163090129 0.03555438225976769 0.16448497854077254
3 0.4759450897571278 0.46875536480686697 0.04563885955649419 0.13064377682403433
3 0.535311510031679 0.47257510729613733 0.02826821541710665 0.11920600858369099
5 0.5942027455121437 0.43465665236051504 0.02873284054910243 0.1912017167381974
1 0.7109398099260824 0.4494420600858369 0.029883843717001056 0.1540128755364807
0 0.7712460401267159 0.44800429184549356 0.023769799366420277 0.16068669527896995
4 0.1847624076029567 0.6654077253218884 0.031140443505807813 0.1376609442060086
2 0.47559662090813093 0.6930472103004292 0.02382259767687434 0.11667381974248926