0 0.18527292576419216 0.5092909090909091 0.012467248908296943 0.1176909090909091
0 0.24381004366812228 0.5374727272727273 0.028558951965065502 0.1013090909090909
0 0.28487991266375545 0.5381636363636364 0.031561135371179036 0.08903636363636364
1 0.325 0.5252 0.018995633187772924 0.12221818181818182
2 0.36716157205240174 0.5288363636363637 0.024170305676855897 0.1294909090909091
5 0.4060480349344978 0.5226909090909091 0.033722707423580786 0.14903636363636363
3 0.45517467248908294 0.5224727272727273 0.02279475982532751 0.13494545454545454
3 0.5078493449781659 0.5372363636363636 0.013504366812227074 0.15992727272727272
5 0.5471397379912664 0.5233818181818182 0.01568777292576419 0.13676363636363637
2 0.5894432314410479 0.5129272727272728 0.007489082969432315 0.14312727272727271
0 0.622325327510917 0.5102 0.015949781659388644 0.11950909090909091
0 0.6646288209606986 0.5252 0.007751091703056768 0.10403636363636364
0 0.7089737991266375 0.5458727272727273 0.017292576419213973 0.13174545454545453
0 0.7590502183406113 0.5281636363636364 0.021921397379912663 0.1054
0 0.8070851528384279 0.5156727272727273 0.030655021834061134 0.07587272727272727
2 0.6620305676855894 0.7131090909090909 0.021670305676855895 0.08438181818181817
2 0.6249235807860262 0.7217272727272727 0.023853711790393015 0.11072727272727273
2 0.5695196506550217 0.7308181818181818 0.027685589519650656 0.11072727272727273
3 0.5325436681222707 0.7071818181818181 0.01650655021834061 0.11801818181818181
2 0.42624454148471613 0.7237818181818182 0.030436681222707422 0.11027272727272727
2 0.36593886462882097 0.7194545454545455 0.024443231441048034 0.13345454545454546
0 0.2893886462882096 0.7203636363636363 0.026910480349344977 0.09892727272727272
4 0.23330786026200875 0.6849272727272727 0.03210698689956332 0.08258181818181819