0 0.28407849829351534 0.5125 0.02719283276450512 0.13290462427745664
0 0.34081058020477817 0.5100867052023121 0.029744027303754264 0.13771676300578034
5 0.5545307167235495 0.4896098265895954 0.03909556313993174 0.21718208092485547
0 0.6724146757679181 0.5238150289017341 0.02172354948805461 0.12182080924855491
0 0.716919795221843 0.5165895953757226 0.01688566552901024 0.15553468208092486
0 0.7534641638225256 0.476864161849711 0.030247440273037544 0.11943641618497111
4 0.7618515358361775 0.6636994219653178 0.03848976109215017 0.14628612716763006
1 0.716919795221843 0.6697254335260115 0.01688566552901024 0.09572254335260115
5 0.6276194539249147 0.6815173410404625 0.03168941979522184 0.15302023121387284
5 0.5560921501706485 0.6901734104046243 0.04506825938566553 0.18960982658959538
1 0.29658703071672354 0.6661127167630058 0.052218430034129695 0.10294797687861271
1 0.35773037542662117 0.6940462427745664 0.032303754266211605 0.13952312138728323
1 0.4690699658703072 0.7060838150289017 0.041672354948805466 0.15395953757225433