0 0.2742609699769053 0.4292624728850325 0.026593533487297923 0.09498915401301518
0 0.3540646651270208 0.3931236442516269 0.025046189376443418 0.08633405639913232
1 0.42513856812933026 0.40926247288503254 0.02245958429561201 0.12342733188720173
1 0.5121247113163973 0.4225162689804772 0.02296766743648961 0.1547288503253796
1 0.5674133949191685 0.41071583514099785 0.023210161662817554 0.13594360086767895
0 0.6284872979214781 0.41698481561822126 0.022170900692840646 0.11956616052060737
0 0.67864896073903 0.39071583514099784 0.022424942263279447 0.09114967462039046
0 0.7232909930715935 0.4143383947939262 0.03986143187066975 0.09017353579175705
0 0.6769745958429562 0.57529284164859 0.021651270207852194 0.08427331887201736
5 0.5095612009237875 0.6133405639913232 0.01782909930715935 0.1314750542299349
2 0.5534295612009238 0.6278091106290673 0.018337182448036952 0.12184381778741867
2 0.572933025404157 0.6237093275488069 0.01628175519630485 0.09919739696312364
2 0.6089838337182448 0.6273318872017354 0.02422632794457275 0.09195227765726681
2 0.4067898383371824 0.6502169197396963 0.00989607390300231 0.12327548806941431
5 0.4342494226327945 0.6162255965292841 0.028879907621247116 0.17581344902386117