4 0.1992293906810036 0.5239670932358318 0.030627240143369174 0.13751371115173674
1 0.2411200716845878 0.5847349177330896 0.014937275985663084 0.14751371115173675
5 0.42624551971326163 0.5618829981718465 0.029919354838709677 0.18592321755027422
5 0.5561648745519713 0.5506946983546618 0.02989247311827957 0.1863802559414991
3 0.5156272401433692 0.5712614259597807 0.016012544802867384 0.1269652650822669
5 0.6813799283154122 0.5314990859232176 0.0339068100358423 0.12608775137111516
1 0.7253942652329749 0.5171115173674589 0.019336917562724012 0.16219378427787934
1 0.7547401433691756 0.5161974405850092 0.030528673835125447 0.14939670932358318
4 0.23181899641577058 0.7346617915904936 0.03532258064516129 0.1293053016453382
1 0.44573476702508963 0.7319195612431445 0.0285663082437276 0.14208409506398537
4 0.747679211469534 0.6606581352833638 0.032105734767025086 0.12751371115173674