0 0.197734375 0.3789453125 0.0131640625 0.09515625
0 0.2630078125 0.423046875 0.033359375 0.10984375
1 0.3360546875 0.4508203125 0.0416015625 0.1240625
1 0.4458984375 0.471953125 0.0498828125 0.166328125
3 0.5150390625 0.525 0.0365234375 0.148359375
5 0.563984375 0.494921875 0.0562890625 0.1019921875
1 0.6522265625 0.491953125 0.037890625 0.1300390625
0 0.7259765625 0.457265625 0.030078125 0.1442578125
0 0.758125 0.42140625 0.0171875 0.10203125
4 0.8004296875 0.390625 0.028203125 0.1048046875
0 0.234296875 0.6169140625 0.0356640625 0.093203125
1 0.3604296875 0.6777734375 0.0259765625 0.1183984375
1 0.436484375 0.7184375 0.0540234375 0.1216015625
1 0.59203125 0.6860546875 0.0480078125 0.1165625
0 0.758125 0.6334375 0.0355859375 0.0894921875
0 0.1919921875 0.5519140625 0.0246484375 0.087265625
4 0.809140625 0.57625 0.036484375 0.108359375