0 0.1741015625 0.5544140625 0.034765625 0.078515625
0 0.2244140625 0.5509765625 0.0296875 0.06703125
0 0.272421875 0.5684375 0.0108203125 0.101953125
5 0.3615625 0.557421875 0.0420703125 0.09828125
3 0.435078125 0.59140625 0.023671875 0.1111328125
3 0.4762109375 0.6049609375 0.0186328125 0.1060546875
3 0.51 0.6056640625 0.0172265625 0.11203125
5 0.6280859375 0.5555859375 0.0498828125 0.1313671875
0 0.707109375 0.567734375 0.0162890625 0.1143359375
0 0.750546875 0.5661328125 0.025 0.0698046875
0 0.800859375 0.5585546875 0.0383203125 0.0776171875
1 0.370546875 0.6931640625 0.0278125 0.098671875
1 0.6246484375 0.6977734375 0.04890625 0.07109375
1 0.707109375 0.676640625 0.07140625 0.0839453125