3 0.29171875 0.2927734375 0.0420703125 0.1609375
1 0.4369140625 0.290234375 0.0641015625 0.1659765625
3 0.512734375 0.2612890625 0.022734375 0.1908203125
1 0.56125 0.3164453125 0.0227734375 0.1540234375
5 0.62625 0.283359375 0.038359375 0.1430078125
5 0.69609375 0.263359375 0.0309765625 0.15359375
0 0.80546875 0.2973828125 0.0475 0.1296875
1 0.6331640625 0.5158203125 0.0245703125 0.1483984375
0 0.7208984375 0.5080078125 0.080625 0.12359375
1 0.7877734375 0.4891796875 0.0351171875 0.131875
4 0.25265625 0.4634375 0.0540234375 0.135546875
1 0.400859375 0.5259375 0.05171875 0.1318359375