4 0.7144921875 0.6003515625 0.049375 0.078515625
0 0.7680078125 0.42578125 0.0231640625 0.1153515625
0 0.7303515625 0.448984375 0.0397265625 0.0836328125
0 0.6830078125 0.4505859375 0.0277734375 0.0730859375
2 0.6200390625 0.4398046875 0.0397265625 0.10203125
5 0.5582421875 0.44046875 0.031015625 0.1263671875
0 0.260234375 0.400078125 0.009453125 0.045546875
0 0.31125 0.4432421875 0.02875 0.0583984375
4 0.2129296875 0.3980078125 0.034296875 0.0827734375
1 0.369609375 0.638046875 0.044375 0.098671875
0 0.32296875 0.6169140625 0.02 0.1115625