2 0.2651908396946565 0.5064296998420221 0.03359626802374894 0.10285939968404423
0 0.3100254452926208 0.5533333333333333 0.023418150975402882 0.15338072669826225
1 0.6651399491094148 0.5104581358609794 0.028447837150127227 0.16695102685624014
3 0.4947921967769296 0.5327962085308057 0.04349448685326548 0.15475513428120063
4 0.7649703138252756 0.6273301737756715 0.04393553859202714 0.17499210110584518
4 0.22763358778625953 0.6465086887835703 0.04862595419847328 0.1438388625592417
5 0.4125190839694657 0.5185939968404423 0.03938931297709924 0.14709320695102684
5 0.4371162001696353 0.7175829383886256 0.03284139100932994 0.15688783570300158
5 0.3865903307888041 0.7171248025276461 0.0408481764206955 0.16500789889415482
2 0.613401187446989 0.687567140600316 0.019491094147582697 0.13750394944707742
2 0.5742663273960984 0.7151026856240127 0.026039016115351993 0.11131121642969984
0 0.5485835453774385 0.706303317535545 0.01344359626802375 0.10726698262243287