0 0.7569921875 0.4317578125 0.0378515625 0.118125
0 0.7245703125 0.455859375 0.0328125 0.125
5 0.6630078125 0.4386328125 0.038359375 0.1043359375
3 0.5628515625 0.4296875 0.0401953125 0.136953125
5 0.4801171875 0.4271484375 0.0401953125 0.1456640625
5 0.4328125 0.3936328125 0.046640625 0.161328125
0 0.3987890625 0.4028125 0.0337890625 0.106171875
4 0.35328125 0.5094140625 0.04390625 0.080390625
0 0.7190625 0.587734375 0.0328125 0.1148046875
1 0.6271875 0.5898046875 0.0401953125 0.1216796875
5 0.5343359375 0.586796875 0.0567578125 0.101953125
5 0.4454296875 0.576015625 0.058125 0.1308984375