0 0.2324609375 0.44921875 0.0319921875 0.097890625
0 0.284375 0.498828125 0.0347265625 0.0868359375
1 0.3330859375 0.456796875 0.0218359375 0.1084375
3 0.4675 0.4946875 0.0287109375 0.1061328125
3 0.5047265625 0.5130859375 0.038828125 0.1061328125
5 0.6005078125 0.50296875 0.05671875 0.1410546875
0 0.7066796875 0.4946875 0.02453125 0.069375
0 0.7560546875 0.4891796875 0.036015625 0.07671875
1 0.8026953125 0.4253515625 0.0419921875 0.068515625
1 0.735625 0.6362109375 0.036484375 0.1133984375
4 0.7960546875 0.6511328125 0.051640625 0.1019140625
5 0.5005859375 0.6653515625 0.058125 0.121171875
5 0.425 0.6766015625 0.040234375 0.175859375
1 0.2583984375 0.6244921875 0.0425390625 0.122109375