0 0.2209375 0.3743359375 0.0365625 0.1190625
0 0.2664453125 0.3701953125 0.0264453125 0.1052734375
5 0.38109375 0.3619140625 0.0765234375 0.180625
3 0.521953125 0.4092578125 0.0411328125 0.137421875
3 0.49 0.4126953125 0.0278125 0.1121484375
5 0.6058203125 0.4080859375 0.0755859375 0.2132421875
0 0.68828125 0.4002734375 0.0429296875 0.114921875
0 0.7601953125 0.358046875 0.0351171875 0.085546875
4 0.78890625 0.5544140625 0.0695703125 0.0969140625
4 0.685546875 0.57625 0.0484375 0.09734375
4 0.2163671875 0.5461328125 0.0347265625 0.1281640625
5 0.397890625 0.623359375 0.039296875 0.1244140625
5 0.6078515625 0.618046875 0.05671875 0.12765625
3 0.5198828125 0.6251953125 0.023203125 0.091328125