4 0.7372265625 0.4168359375 0.0626953125 0.129609375
0 0.2565625 0.523203125 0.0205078125 0.1079296875
0 0.2990625 0.5190625 0.0457421875 0.0905078125
5 0.4033984375 0.518828125 0.04296875 0.168125
3 0.4644921875 0.526171875 0.02734375 0.14609375
3 0.4957421875 0.5312109375 0.0346875 0.110234375
1 0.5731640625 0.522265625 0.037890625 0.16125
1 0.64578125 0.51859375 0.0360546875 0.15390625
1 0.3362890625 0.6933984375 0.0374609375 0.112890625
5 0.423125 0.6961328125 0.0365625 0.136796875
4 0.221875 0.598515625 0.056796875 0.093203125
1 0.712421875 0.6169140625 0.0498046875 0.1483203125