0 0.132265625 0.39890625 0.033828125 0.1397265625
0 0.1812109375 0.4400390625 0.0351953125 0.097890625
3 0.48703125 0.5346484375 0.02640625 0.1401171875
5 0.6271875 0.514453125 0.0953125 0.1364453125
0 0.7907421875 0.49953125 0.036484375 0.0744140625
0 0.836015625 0.461640625 0.067265625 0.0951171875
0 0.84015625 0.615078125 0.066328125 0.08953125
1 0.4923046875 0.6733984375 0.0416015625 0.105078125
1 0.388203125 0.6516015625 0.040234375 0.130390625
4 0.14375 0.5666015625 0.0476171875 0.116640625
1 0.6356640625 0.6577734375 0.03421875 0.1473828125