4 0.2423046875 0.5048046875 0.056328125 0.126328125
4 0.2471484375 0.7510546875 0.052578125 0.1408984375
1 0.3050390625 0.59046875 0.0301171875 0.109296875
0 0.373515625 0.5741796875 0.047578125 0.1272265625
1 0.4773828125 0.544765625 0.0530859375 0.1235546875
1 0.6161328125 0.5358203125 0.0475390625 0.134140625
1 0.72734375 0.571875 0.0383203125 0.1501953125
4 0.8114453125 0.560859375 0.0502734375 0.109765625
4 0.7765234375 0.74828125 0.07234375 0.0986328125
0 0.44796875 0.699609375 0.0494140625 0.1115234375
5 0.6184375 0.719140625 0.0503125 0.10921875