2 0.295859375 0.3403125 0.048515625 0.146640625
1 0.240234375 0.3828125 0.056796875 0.13515625
5 0.404765625 0.337578125 0.054921875 0.2146484375
3 0.49734375 0.359609375 0.024140625 0.1484765625
3 0.53203125 0.3780078125 0.0245703125 0.11171875
5 0.5803125 0.32953125 0.038359375 0.1755859375
0 0.6703515625 0.3541015625 0.0346484375 0.100703125
0 0.7190625 0.3725 0.021796875 0.100703125
0 0.7801953125 0.4028125 0.02453125 0.0694140625
1 0.7016015625 0.6320703125 0.04203125 0.114296875
4 0.7923828125 0.5808203125 0.0810546875 0.1359375
1 0.619140625 0.5930078125 0.037890625 0.1373046875
3 0.521484375 0.5902734375 0.031015625 0.0950390625
5 0.397421875 0.564296875 0.05859375 0.139609375
4 0.193828125 0.54546875 0.0466796875 0.1111328125
1 0.273125 0.5507421875 0.0351953125 0.1079296875