0 0.26140625 0.491953125 0.04390625 0.118984375
4 0.241171875 0.676171875 0.0586328125 0.110625
4 0.800390625 0.7014453125 0.0466015625 0.096796875
1 0.7769921875 0.4591015625 0.0273046875 0.1038671875
0 0.68140625 0.5284765625 0.0199609375 0.1047265625
0 0.61109375 0.53375 0.0355859375 0.1015234375
1 0.552734375 0.51765625 0.038359375 0.133671875
1 0.5086328125 0.5280078125 0.023671875 0.094609375
1 0.4621875 0.513515625 0.0503125 0.1162109375
0 0.4112109375 0.557421875 0.0494140625 0.116640625
0 0.31125 0.6828125 0.02875 0.1009375
1 0.5359375 0.683984375 0.046171875 0.1354296875
5 0.6115625 0.6890234375 0.045703125 0.136328125