0 0.241171875 0.6389453125 0.021875 0.11890625
0 0.2825390625 0.6291015625 0.0310546875 0.076171875
5 0.37421875 0.560625 0.03515625 0.11390625
1 0.4644921875 0.5571875 0.02734375 0.102421875
1 0.5194140625 0.541796875 0.023671875 0.140546875
1 0.575234375 0.538359375 0.0190625 0.1290625
1 0.6278515625 0.55625 0.0277734375 0.13734375
1 0.680703125 0.5884375 0.0323828125 0.1097265625
0 0.7298828125 0.6040625 0.0112109375 0.085859375
0 0.7755859375 0.626796875 0.0337109375 0.099140625
1 0.747109375 0.771484375 0.0502734375 0.103671875
5 0.482421875 0.6977734375 0.0392578125 0.1335546875
1 0.4332421875 0.741171875 0.0383984375 0.15328125
1 0.3355859375 0.783203125 0.0976953125 0.116953125