0 0.2976953125 0.5470703125 0.0521875 0.13734375
0 0.7723828125 0.46875 0.036484375 0.0955859375
0 0.7135546875 0.491015625 0.029140625 0.080390625
1 0.6400390625 0.5158203125 0.029140625 0.0932421875
5 0.5697265625 0.5270703125 0.0448046875 0.1221875
0 0.4874609375 0.53375 0.0181640625 0.1015234375
0 0.396484375 0.526875 0.001640625 0.0050390625
0 0.4128125 0.5314453125 0.038828125 0.10609375
4 0.2859765625 0.6508984375 0.0462109375 0.0802734375
1 0.3443359375 0.6963671875 0.02140625 0.1142578125
1 0.7078125 0.6550390625 0.0365625 0.05734375
1 0.5653515625 0.6963671875 0.04984375 0.13265625
1 0.4458984375 0.699609375 0.0498828125 0.14828125