1 0.2664453125 0.50734375 0.0264453125 0.1176171875
0 0.3137890625 0.545234375 0.0383984375 0.1152734375
5 0.396953125 0.546171875 0.048515625 0.117109375
1 0.4640234375 0.5502734375 0.035625 0.1345703125
3 0.5069921875 0.5433984375 0.015859375 0.1116015625
3 0.5619140625 0.533046875 0.038359375 0.1323046875
5 0.6124609375 0.5114453125 0.044375 0.171796875
4 0.7455078125 0.6210546875 0.060859375 0.092265625
4 0.22578125 0.65 0.06 0.0858203125
1 0.403828125 0.7207421875 0.0347265625 0.135390625
1 0.5430859375 0.69453125 0.0503125 0.1179296875