2 0.3057421875 0.41796875 0.03609375 0.1089453125
0 0.24484375 0.411328125 0.0476171875 0.0891796875
5 0.46265625 0.48 0.0420703125 0.131875
3 0.51 0.5050390625 0.035625 0.103828125
3 0.5433203125 0.4788671875 0.04984375 0.119453125
1 0.5966015625 0.4579296875 0.0571875 0.142890625
0 0.66484375 0.457265625 0.060390625 0.1001953125
0 0.7455078125 0.448515625 0.0424609375 0.0919140625
1 0.8458984375 0.3750390625 0.036484375 0.07359375
0 0.8240625 0.5204296875 0.043359375 0.102421875
4 0.21015625 0.5199609375 0.06921875 0.0812890625
5 0.598203125 0.618203125 0.046640625 0.123359375
1 0.4075390625 0.5984375 0.0420703125 0.1298046875