1 0.2669140625 0.4432421875 0.0365625 0.131875
1 0.314453125 0.4540234375 0.044375 0.121328125
5 0.37328125 0.464375 0.0333203125 0.1373828125
5 0.490234375 0.4535546875 0.023671875 0.166328125
5 0.55203125 0.4565625 0.05078125 0.1493359375
5 0.638203125 0.433359375 0.0438671875 0.144296875
4 0.71515625 0.545234375 0.036953125 0.078515625
2 0.4056640625 0.6525 0.02 0.1505859375
2 0.3225 0.6308984375 0.02828125 0.1717578125
2 0.482890625 0.6433203125 0.0457421875 0.1322265625
1 0.5460546875 0.648125 0.0296484375 0.137265625