1 0.3248046875 0.3394140625 0.0237109375 0.163203125
1 0.3762890625 0.36765625 0.016328125 0.095625
1 0.45875 0.3462890625 0.038828125 0.131015625
0 0.516875 0.364453125 0.0218359375 0.1167578125
1 0.58375 0.3915625 0.0314453125 0.1250390625
5 0.63015625 0.3743359375 0.023203125 0.1594921875
1 0.6862109375 0.345859375 0.025 0.1576953125
4 0.3089453125 0.475390625 0.05171875 0.0859375
5 0.4371484375 0.54890625 0.0416015625 0.159375
1 0.676328125 0.58265625 0.037421875 0.139609375
4 0.773984375 0.51171875 0.044296875 0.0941796875