1 0.2779296875 0.5436328125 0.025546875 0.1221875
5 0.599140625 0.5553515625 0.0484765625 0.09875
4 0.832109375 0.44578125 0.0456640625 0.08640625
0 0.2000390625 0.4813671875 0.0269140625 0.0519140625
0 0.1926953125 0.6010546875 0.030625 0.06609375
3 0.48265625 0.5640625 0.031484375 0.14375
3 0.5316015625 0.5633984375 0.0328515625 0.1194140625
3 0.481484375 0.73359375 0.015390625 0.1059765625
3 0.513671875 0.725546875 0.0245703125 0.0853125
5 0.5899609375 0.707421875 0.0484765625 0.0995703125
4 0.84359375 0.568203125 0.0410546875 0.0876953125