0 0.3130859375 0.51125 0.0508203125 0.1134765625
0 0.35765625 0.518359375 0.0388671875 0.158046875
0 0.474609375 0.5155859375 0.0291796875 0.134140625
0 0.549296875 0.49953125 0.026875 0.1295703125
5 0.641875 0.49859375 0.0328515625 0.14609375
1 0.72734375 0.5128515625 0.0383203125 0.1286328125
1 0.7648046875 0.603125 0.044296875 0.12078125
1 0.3291796875 0.6655859375 0.0186328125 0.098671875
1 0.5467578125 0.64515625 0.053984375 0.17265625
1 0.4803515625 0.675703125 0.03609375 0.1188671875
1 0.5975390625 0.66859375 0.0406640625 0.1551953125