0 0.299765625 0.39546875 0.03703125 0.09515625
0 0.3477734375 0.43703125 0.0144921875 0.1148828125
1 0.413046875 0.4441796875 0.0347265625 0.1153515625
3 0.4835546875 0.472890625 0.0333203125 0.1498046875
3 0.5269921875 0.4625390625 0.023671875 0.17046875
3 0.55734375 0.47265625 0.01078125 0.135546875
1 0.5966015625 0.464375 0.0204296875 0.1373828125
1 0.6595703125 0.4551953125 0.0268359375 0.15578125
0 0.7183984375 0.4310546875 0.0158203125 0.1305078125
1 0.763203125 0.3826171875 0.02546875 0.1208984375
4 0.249453125 0.5426953125 0.056796875 0.087265625
2 0.3201953125 0.560859375 0.032890625 0.109765625
1 0.3873046875 0.614140625 0.0383984375 0.1244140625
3 0.502421875 0.644921875 0.0250390625 0.10328125
3 0.559375 0.6037890625 0.0287109375 0.1451171875
1 0.63359375 0.6155078125 0.0346875 0.154765625
1 0.7101171875 0.5971484375 0.0360546875 0.1180078125
0 0.7916796875 0.4928515625 0.0383203125 0.157578125