1 0.1839453125 0.40671875 0.040703125 0.16453125
0 0.2344921875 0.4251171875 0.0315234375 0.109375
2 0.3128515625 0.3938671875 0.0365625 0.138828125
5 0.3714453125 0.4005078125 0.048046875 0.129140625
3 0.471171875 0.388125 0.0250390625 0.1208984375
3 0.521484375 0.40234375 0.031015625 0.114453125
5 0.57203125 0.3970703125 0.0401953125 0.1544140625
5 0.6317578125 0.383515625 0.049375 0.104375
5 0.6951953125 0.3929296875 0.029140625 0.1553515625
1 0.7296484375 0.4117578125 0.03375 0.1103125
0 0.7613671875 0.406953125 0.0328125 0.14203125
0 0.8300390625 0.388359375 0.027734375 0.091015625
4 0.1614453125 0.606796875 0.0600390625 0.128125
4 0.2595703125 0.6003515625 0.0586328125 0.115234375
5 0.3875390625 0.6079296875 0.0526171875 0.1441796875
1 0.5665234375 0.6130078125 0.0291796875 0.1634765625
1 0.6244140625 0.625625 0.0346875 0.138203125
0 0.6944921875 0.60703125 0.059921875 0.1607421875
0 0.7533203125 0.61140625 0.04890625 0.11890625