0 0.2117578125 0.3926953125 0.0365625 0.122734375
0 0.2540234375 0.410390625 0.02921875 0.08
1 0.318125 0.37890625 0.033359375 0.1319140625
1 0.3838671875 0.4055859375 0.0269140625 0.130078125
1 0.4523046875 0.4016796875 0.0259765625 0.145234375
5 0.5697265625 0.4046484375 0.02640625 0.183359375
5 0.614296875 0.4161328125 0.014453125 0.17875
0 0.653828125 0.38078125 0.0199609375 0.0988671875
0 0.6988671875 0.387890625 0.036484375 0.1360546875
0 0.7691796875 0.368828125 0.0392578125 0.1484765625
4 0.789140625 0.5259375 0.0470703125 0.1134765625
1 0.5460546875 0.6267578125 0.0480078125 0.1358984375
1 0.4911328125 0.6123046875 0.062265625 0.139140625
2 0.377421875 0.613671875 0.032421875 0.1326953125
2 0.3091796875 0.591171875 0.047578125 0.1336328125
1 0.244375 0.5858984375 0.0375 0.155234375
4 0.179140625 0.599453125 0.0540625 0.131796875