0 0.1963671875 0.303828125 0.056328125 0.1241796875
0 0.2898828125 0.3819140625 0.0457421875 0.1516796875
1 0.3562890625 0.3926953125 0.0452734375 0.122734375
0 0.4380859375 0.406484375 0.0250390625 0.1502734375
3 0.4723046875 0.40625 0.0337890625 0.1360546875
2 0.529296875 0.40234375 0.0374609375 0.114453125
2 0.5846484375 0.41109375 0.0333203125 0.14109375
1 0.646015625 0.398671875 0.0319140625 0.1438671875
0 0.680703125 0.3871875 0.0323828125 0.1668359375
0 0.735390625 0.40375 0.040625 0.1080078125
1 0.7675390625 0.2771875 0.0314453125 0.0708984375
4 0.80203125 0.249140625 0.036015625 0.0791796875
4 0.1915625 0.5360546875 0.032890625 0.133671875
2 0.41671875 0.58015625 0.0420703125 0.1116015625
5 0.521484375 0.598046875 0.0494140625 0.193359375
5 0.6002734375 0.588203125 0.0277734375 0.150625
4 0.785234375 0.5169921875 0.043828125 0.1276953125