0 0.230390625 0.5008984375 0.0581640625 0.119453125
0 0.307109375 0.5309765625 0.0296875 0.096015625
5 0.4171875 0.5155859375 0.0337890625 0.134140625
3 0.4773828125 0.5466015625 0.016328125 0.1088671875
1 0.5511328125 0.5707421875 0.030546875 0.1341015625
1 0.629921875 0.5387890625 0.045703125 0.102421875
1 0.6832421875 0.5558203125 0.0236328125 0.108828125
0 0.7376953125 0.546171875 0.01765625 0.09875
0 0.7641015625 0.5351171875 0.0383203125 0.07671875
4 0.2241796875 0.634375 0.0521875 0.1097265625
5 0.4058984375 0.688359375 0.0342578125 0.09359375
5 0.4964453125 0.6782421875 0.0590625 0.128515625
1 0.692890625 0.714296875 0.052109375 0.08578125
4 0.773515625 0.6701953125 0.052578125 0.0894921875