0 0.18765625 0.552578125 0.0296875 0.0932421875
0 0.2239453125 0.5617578125 0.03796875 0.0932421875
0 0.2737890625 0.5626953125 0.0227734375 0.095078125
1 0.3255078125 0.575546875 0.048046875 0.0840234375
1 0.3438671875 0.5617578125 0.0296484375 0.1299609375
1 0.4263671875 0.5663671875 0.0337890625 0.12078125
5 0.49390625 0.579921875 0.031015625 0.1157421875
1 0.517578125 0.5502734375 0.046171875 0.1162109375
0 0.5941015625 0.5585546875 0.0475390625 0.114375
1 0.6251171875 0.559921875 0.0406640625 0.08953125
0 0.6834765625 0.5626953125 0.037890625 0.095078125
0 0.7340234375 0.5707421875 0.028671875 0.078984375
0 0.789140625 0.5514453125 0.028671875 0.0771484375
5 0.4284375 0.7356640625 0.05171875 0.1790234375
5 0.3643359375 0.7423046875 0.047578125 0.169375
4 0.2278515625 0.7087890625 0.0669140625 0.1005078125