0 0.26140625 0.4708203125 0.025546875 0.1134765625
0 0.2209375 0.583359375 0.0549609375 0.1271875
1 0.7147265625 0.4503515625 0.06359375 0.150703125
1 0.65015625 0.4894140625 0.0309765625 0.127734375
1 0.5984375 0.491953125 0.0241015625 0.1373828125
1 0.5511328125 0.4976953125 0.030546875 0.1258984375
3 0.4923046875 0.4903515625 0.0416015625 0.1295703125
5 0.489296875 0.6892578125 0.0401953125 0.1505859375
4 0.423125 0.68765625 0.0365625 0.1427734375
4 0.669453125 0.637578125 0.0695703125 0.106953125
1 0.7121875 0.641015625 0.0539453125 0.100078125