0 0.319296875 0.64171875 0.0310546875 0.1060546875
5 0.3831640625 0.449921875 0.0576953125 0.1222265625
5 0.4847265625 0.4409375 0.031015625 0.1732421875
1 0.56859375 0.4583984375 0.0470703125 0.17140625
1 0.6170703125 0.4659765625 0.038359375 0.1268359375
1 0.6671484375 0.46484375 0.037421875 0.1107421875
1 0.74390625 0.4505859375 0.0346484375 0.0914453125
0 0.4337109375 0.668828125 0.048515625 0.099609375
1 0.6097265625 0.6501953125 0.04203125 0.1000390625
1 0.7245703125 0.629765625 0.0328125 0.137265625
4 0.80453125 0.5927734375 0.0640625 0.086328125