0 0.1931640625 0.409921875 0.0296875 0.125
0 0.2437109375 0.4384375 0.0315234375 0.090078125
0 0.29515625 0.4434765625 0.024140625 0.091015625
1 0.3553515625 0.4740234375 0.0434375 0.1107421875
3 0.4805859375 0.4891796875 0.031953125 0.150234375
3 0.5267578125 0.4808984375 0.0094140625 0.1153125
5 0.5784765625 0.4862109375 0.0346875 0.13046875
5 0.65359375 0.4855078125 0.0241015625 0.1244921875
0 0.747109375 0.4691796875 0.0319140625 0.142421875
0 0.7907421875 0.45703125 0.0180859375 0.104296875
4 0.7916796875 0.61046875 0.0383203125 0.1170703125
4 0.2051171875 0.5817578125 0.04625 0.1194140625
4 0.260234375 0.6095703125 0.0278515625 0.115234375
1 0.4029296875 0.6499609375 0.032890625 0.1409375
1 0.516640625 0.6929296875 0.0443359375 0.13953125
1 0.6324609375 0.67984375 0.036953125 0.1547265625
1 0.7103515625 0.651796875 0.0319140625 0.144609375