0 0.1499153439153439 0.41121575342465755 0.042232804232804226 0.10715753424657534
0 0.17651851851851852 0.4183047945205479 0.03497354497354497 0.09688356164383562
0 0.23244444444444445 0.47284246575342465 0.01984126984126984 0.07386986301369863
2 0.3113544973544974 0.4733390410958904 0.02648677248677249 0.08462328767123288
2 0.35397883597883595 0.46256849315068493 0.021037037037037035 0.12179794520547944
5 0.4018941798941799 0.48383561643835615 0.029185185185185182 0.14967465753424658
5 0.4532910052910053 0.4786986301369863 0.035227513227513226 0.1638527397260274
0 0.5305291005291005 0.5011986301369863 0.02342857142857143 0.13058219178082192
0 0.5724021164021164 0.4977739726027397 0.019492063492063495 0.15308219178082194
0 0.6148783068783068 0.5354452054794521 0.016761904761904763 0.12078767123287672
0 0.7763174603174603 0.4923972602739726 0.03729100529100529 0.09342465753424659
0 0.8393544973544974 0.456695205479452 0.027301587301587302 0.11006849315068494
4 0.8457037037037037 0.5955993150684932 0.04604232804232804 0.09433219178082192
4 0.7678518518518519 0.6156506849315069 0.04455026455026455 0.06595890410958904
4 0.6971111111111111 0.6508732876712329 0.0360952380952381 0.09722602739726027
4 0.6172910052910053 0.6665068493150685 0.08206349206349206 0.1089554794520548
5 0.37136507936507934 0.45229452054794517 0.07091005291005291 0.1697431506849315
4 0.20237037037037037 0.5569691780821917 0.041312169312169314 0.08554794520547945
4 0.15037037037037038 0.546695205479452 0.03406349206349206 0.11392123287671233
2 0.4873015873015873 0.6589383561643836 0.039756613756613754 0.10847602739726028
2 0.3891957671957672 0.6300684931506849 0.040074074074074074 0.11924657534246576