0 0.2678125 0.341953125 0.0383984375 0.0993359375
0 0.3303125 0.3559375 0.0457421875 0.1154296875
0 0.388671875 0.3318359375 0.031953125 0.0975
1 0.455078125 0.3357421875 0.031484375 0.155859375
1 0.5030859375 0.3589453125 0.031015625 0.1425
3 0.5591796875 0.348125 0.0328515625 0.1530859375
3 0.5959375 0.3516015625 0.0328515625 0.109453125
5 0.641171875 0.3171484375 0.045234375 0.1416015625
5 0.6788671875 0.314140625 0.0470703125 0.140234375
5 0.74984375 0.3203515625 0.037421875 0.12046875
0 0.7997265625 0.337578125 0.040625 0.086015625
4 0.2434765625 0.53671875 0.0356640625 0.1580078125
4 0.3448046875 0.57140625 0.0498828125 0.140078125
5 0.4891015625 0.5399609375 0.062734375 0.136875
1 0.660703125 0.5516796875 0.0429296875 0.1465234375
3 0.59453125 0.5360546875 0.0392578125 0.1704296875
0 0.7572265625 0.5583203125 0.0705078125 0.155234375