0 0.2227734375 0.5194921875 0.0402734375 0.1005859375
0 0.315859375 0.58015625 0.0379296875 0.093203125
5 0.366171875 0.5516796875 0.05125 0.109765625
0 0.4493359375 0.59484375 0.024609375 0.0674609375
5 0.579140625 0.563828125 0.0406640625 0.12953125
1 0.65453125 0.5739453125 0.0259375 0.11296875
1 0.719296875 0.5516796875 0.0360546875 0.09140625
0 0.7723828125 0.53859375 0.036484375 0.1065625
5 0.3928125 0.680546875 0.0310546875 0.1239453125
5 0.521484375 0.695 0.0494140625 0.120703125
5 0.60234375 0.6775390625 0.045703125 0.1225390625
1 0.7013671875 0.648359375 0.06453125 0.1515234375
4 0.7753515625 0.6435546875 0.05625 0.091328125