4 0.3135546875 0.441640625 0.0425390625 0.105703125
1 0.4173828125 0.4402734375 0.0296484375 0.1121484375
1 0.4732421875 0.4581640625 0.037890625 0.0836328125
3 0.4962109375 0.4278515625 0.030078125 0.0965234375
3 0.5403125 0.4324609375 0.022734375 0.08734375
1 0.5809765625 0.399609375 0.0259375 0.1273046875
1 0.6444140625 0.401875 0.0425 0.1594921875
1 0.718828125 0.418671875 0.0259375 0.151640625
0 0.739765625 0.406484375 0.0195703125 0.1502734375
5 0.598203125 0.5737109375 0.046640625 0.13546875
1 0.428203125 0.591875 0.055859375 0.139609375