0 0.2547265625 0.468984375 0.0351953125 0.1098046875
0 0.3489453125 0.5204296875 0.0305859375 0.102421875
5 0.4380859375 0.5238671875 0.0434375 0.11390625
1 0.4837890625 0.5155859375 0.047578125 0.1525
3 0.545390625 0.5155859375 0.023671875 0.1525
1 0.5941015625 0.495390625 0.0291796875 0.1672265625
1 0.6366015625 0.5077734375 0.0360546875 0.1276953125
1 0.70734375 0.514453125 0.04890625 0.1364453125
0 0.7601953125 0.5020703125 0.0351171875 0.1024609375
0 0.8114453125 0.47609375 0.031875 0.073515625
0 0.85234375 0.442578125 0.0493359375 0.0891796875
0 0.7994921875 0.6421875 0.063125 0.1161328125
0 0.68921875 0.68671875 0.0631640625 0.1409375
0 0.536875 0.7078515625 0.0480078125 0.1096875
5 0.4718359375 0.715 0.04203125 0.146875
4 0.36109375 0.70578125 0.0503515625 0.146875
4 0.268046875 0.67109375 0.05265625 0.1280859375