0 0.209921875 0.45265625 0.01453125 0.0909765625
0 0.2496875 0.4791015625 0.0158984375 0.09328125
0 0.303203125 0.475625 0.0264453125 0.1369140625
1 0.346640625 0.475390625 0.0351953125 0.1410546875
5 0.39671875 0.4774609375 0.0342578125 0.17734375
5 0.5938671875 0.4790625 0.03328125 0.1483984375
5 0.6547265625 0.4565625 0.0401953125 0.1676953125
0 0.7590625 0.449921875 0.037421875 0.1222265625
4 0.75078125 0.5817578125 0.0392578125 0.101015625
4 0.2158984375 0.6049609375 0.0540234375 0.124453125
5 0.36640625 0.690390625 0.02875 0.14828125
1 0.4654296875 0.694296875 0.0291796875 0.1147265625
1 0.5389453125 0.6715625 0.0291796875 0.10140625
1 0.5885546875 0.684453125 0.0365234375 0.1271484375