4 0.295390625 0.445546875 0.0383984375 0.090546875
5 0.4298046875 0.448515625 0.0452734375 0.1102734375
3 0.521484375 0.4505859375 0.0346875 0.0987890625
3 0.5619140625 0.4551953125 0.0199609375 0.100625
1 0.6326953125 0.4581640625 0.0328515625 0.120390625
1 0.6632421875 0.4818359375 0.03421875 0.0987890625
1 0.753984375 0.4816015625 0.03703125 0.1029296875
0 0.2862109375 0.5387890625 0.0383984375 0.0840625
0 0.3487109375 0.5893359375 0.016328125 0.07484375
5 0.4498046875 0.5865625 0.0346875 0.1428125
2 0.50515625 0.610703125 0.030546875 0.131328125
2 0.551796875 0.636640625 0.0365234375 0.141875
0 0.598203125 0.6283984375 0.046640625 0.106953125
1 0.6508203125 0.6389453125 0.036953125 0.11890625
1 0.723671875 0.6465234375 0.0309765625 0.0743359375
1 0.773984375 0.61875 0.044296875 0.0784765625