0 0.2423046875 0.4979296875 0.0195703125 0.0666015625
0 0.2788671875 0.5169921875 0.0237109375 0.0909375
0 0.3211328125 0.5103125 0.0347265625 0.0822265625
3 0.529765625 0.5346484375 0.0291796875 0.12171875
3 0.5001171875 0.5507421875 0.01125 0.1262890625
3 0.5701953125 0.5351171875 0.0365234375 0.1318359375
0 0.6634765625 0.518828125 0.030078125 0.1313671875
0 0.730546875 0.565 0.0171875 0.09046875
0 0.7723828125 0.514921875 0.036484375 0.0546484375
0 0.24140625 0.6210546875 0.0361328125 0.07390625
5 0.4444921875 0.698203125 0.0562890625 0.136328125
1 0.5646875 0.709921875 0.0438671875 0.127578125
0 0.6283203125 0.70328125 0.037890625 0.10046875
0 0.349609375 0.6733984375 0.0181640625 0.105078125
1 0.7245703125 0.65203125 0.0328125 0.122109375