4 0.2156640625 0.2898046875 0.0398046875 0.1375
4 0.1998046875 0.5537109375 0.053125 0.1423828125
4 0.769375 0.290703125 0.0351171875 0.102578125
4 0.739296875 0.4115625 0.0070703125 0.0593359375
0 0.684140625 0.3931640625 0.0438671875 0.0593359375
3 0.46359375 0.4055859375 0.0255078125 0.1116796875
1 0.5116015625 0.4014453125 0.0250390625 0.1309765625
1 0.536875 0.5397265625 0.0296484375 0.1042578125
4 0.416484375 0.58796875 0.0462109375 0.1731640625
0 0.373046875 0.407421875 0.0191015625 0.0969921875
0 0.3459375 0.4097265625 0.02921875 0.0923828125
0 0.2933203125 0.423046875 0.02046875 0.0730859375