0 0.186015625 0.488515625 0.0402734375 0.089140625
0 0.252890625 0.5020703125 0.0315234375 0.0840625
5 0.59546875 0.525234375 0.0594921875 0.1809765625
5 0.7652734375 0.5172265625 0.036015625 0.0868359375
5 0.8119140625 0.61 0.0419921875 0.070234375
4 0.19359375 0.5875 0.0508203125 0.08953125
1 0.428671875 0.687421875 0.047578125 0.11015625
1 0.5887890625 0.6959375 0.05078125 0.1408984375
3 0.536640625 0.5475390625 0.03375 0.1474609375
1 0.4171875 0.524765625 0.0337890625 0.1525
1 0.358125 0.5365234375 0.0305859375 0.125390625
0 0.308046875 0.5204296875 0.0315234375 0.102421875