0 0.1958984375 0.376171875 0.0278515625 0.12640625
0 0.2365625 0.4156640625 0.0310546875 0.113515625
0 0.2894140625 0.4405078125 0.0356640625 0.089609375
1 0.4444921875 0.5103125 0.0379296875 0.13734375
1 0.587421875 0.49125 0.038828125 0.149765625
1 0.6547265625 0.472421875 0.0585546875 0.1212890625
1 0.73859375 0.4478515625 0.05625 0.1043359375
0 0.7953515625 0.39546875 0.0273046875 0.1098828125
4 0.1915625 0.5431640625 0.032890625 0.1157421875
4 0.4266015625 0.6821484375 0.048046875 0.113359375
1 0.590625 0.69015625 0.0360546875 0.14140625
1 0.662109375 0.661015625 0.0365234375 0.1078515625
1 0.7569921875 0.62125 0.0378515625 0.1065234375
1 0.8031640625 0.5976171875 0.0337109375 0.07296875