0 0.24578125 0.55671875 0.049453125 0.110703125
0 0.7328515625 0.5640625 0.0309765625 0.1069921875
0 0.6915234375 0.5810546875 0.021796875 0.0950390625
1 0.591328125 0.5415625 0.04203125 0.141015625
3 0.4810546875 0.5622265625 0.023671875 0.1584765625
1 0.5150390625 0.5658984375 0.0365234375 0.1290625
1 0.4095703125 0.5551171875 0.0416015625 0.1580078125
1 0.3519140625 0.52890625 0.031953125 0.1516015625
4 0.3126171875 0.7149609375 0.0591015625 0.11015625
4 0.7562890625 0.7097265625 0.068671875 0.0949609375
5 0.4911328125 0.733125 0.0438671875 0.151015625