3 0.3089453125 0.4269140625 0.033359375 0.1498046875
3 0.3841015625 0.4046484375 0.0227734375 0.10984375
0 0.46609375 0.4000390625 0.03515625 0.137421875
1 0.5545703125 0.38625 0.023671875 0.165
1 0.76203125 0.3646875 0.0314453125 0.1126171875
1 0.4344140625 0.5796875 0.03609375 0.123515625
1 0.5123046875 0.6044921875 0.031015625 0.169453125
1 0.58671875 0.5641015625 0.0401953125 0.1216796875
2 0.318359375 0.587265625 0.047578125 0.1304296875
4 0.2124609375 0.54890625 0.0609375 0.1042578125
4 0.7684765625 0.568203125 0.03328125 0.10609375