0 0.8155859375 0.3559375 0.067734375 0.1411328125
0 0.73859375 0.3816796875 0.05625 0.1558203125
1 0.6795703125 0.4122265625 0.045703125 0.1241015625
1 0.59546875 0.44140625 0.04109375 0.1649609375
1 0.5497265625 0.448046875 0.0553515625 0.1737109375
1 0.5223828125 0.4496875 0.0328515625 0.144765625
1 0.46703125 0.4501171875 0.0369921875 0.1732421875
1 0.41625 0.451953125 0.031953125 0.1217578125
1 0.3714453125 0.4423046875 0.0296484375 0.1484375
1 0.3211328125 0.4078515625 0.0347265625 0.1438671875
1 0.2820703125 0.3887890625 0.0393359375 0.137890625
0 0.2283203125 0.380078125 0.032890625 0.11125
4 0.20234375 0.5238671875 0.040703125 0.11390625
4 0.264140625 0.5596875 0.049453125 0.1120703125
1 0.361328125 0.5847265625 0.0278125 0.12078125
1 0.4396875 0.613671875 0.05125 0.1143359375
1 0.5846484375 0.621015625 0.0516796875 0.1473828125
4 0.78984375 0.5580859375 0.07140625 0.1226171875