0 0.179609375 0.4163671875 0.0273828125 0.15625
0 0.21453125 0.410859375 0.0237109375 0.1268359375
1 0.3633984375 0.3736328125 0.0457421875 0.1571875
3 0.4810546875 0.3892578125 0.038359375 0.2068359375
3 0.524453125 0.3743359375 0.0140234375 0.1594921875
5 0.5745703125 0.376171875 0.0719140625 0.1778515625
5 0.6632421875 0.3780078125 0.0158203125 0.1484765625
0 0.72 0.4193359375 0.0236328125 0.120859375
0 0.750546875 0.4170703125 0.0433984375 0.107109375
0 0.8109765625 0.39203125 0.04015625 0.0983984375
4 0.8229296875 0.6430859375 0.0456640625 0.099609375
4 0.151328125 0.621484375 0.0765625 0.1207421875
1 0.389140625 0.6178125 0.0420703125 0.168515625
3 0.4964453125 0.6040625 0.0259765625 0.11890625
1 0.6051171875 0.594609375 0.0438671875 0.152421875