4 0.2669140625 0.280625 0.0365625 0.1375
4 0.2253125 0.519296875 0.049921875 0.1047265625
0 0.2751953125 0.3901953125 0.0163671875 0.076328125
0 0.3190625 0.457734375 0.0351953125 0.073515625
0 0.373984375 0.4588671875 0.0209375 0.089609375
0 0.4415234375 0.51078125 0.0181640625 0.165859375
0 0.517109375 0.5043359375 0.0360546875 0.1897265625
3 0.54375 0.506171875 0.03421875 0.13828125
2 0.6168359375 0.4591015625 0.0425 0.140625
2 0.689453125 0.452890625 0.022265625 0.105234375
0 0.7213671875 0.429453125 0.07234375 0.14109375
4 0.742265625 0.3348046875 0.045234375 0.117265625
4 0.80984375 0.5663671875 0.0424609375 0.0656640625
1 0.676796875 0.6132421875 0.0585546875 0.1005078125
1 0.43140625 0.70328125 0.0530859375 0.1335546875
1 0.31953125 0.6283984375 0.0452734375 0.106953125