0 0.2395703125 0.401875 0.032421875 0.1594921875
0 0.291484375 0.425078125 0.0351953125 0.1461328125
1 0.35421875 0.50203125 0.0457421875 0.13921875
3 0.4695703125 0.51765625 0.02828125 0.1704296875
3 0.50265625 0.516953125 0.039296875 0.23796875
1 0.55546875 0.510078125 0.0296484375 0.196640625
1 0.638671875 0.4928515625 0.0355859375 0.157578125
0 0.708984375 0.48734375 0.0383203125 0.1098046875
0 0.7528515625 0.41890625 0.0571875 0.129140625
4 0.78890625 0.3076953125 0.051171875 0.164140625
4 0.41671875 0.6970703125 0.0420703125 0.1386328125
2 0.57984375 0.72625 0.0760546875 0.1758203125
0 0.6754296875 0.67984375 0.0539453125 0.136328125
0 0.75171875 0.6398828125 0.04109375 0.083984375
4 0.7971875 0.5503125 0.0493359375 0.079453125