4 0.25703125 0.525703125 0.048984375 0.117578125
4 0.8038671875 0.5636328125 0.0396875 0.0969140625
4 0.7907421875 0.744375 0.036484375 0.095390625
4 0.2512890625 0.748984375 0.04578125 0.071484375
5 0.6405078125 0.555546875 0.0392578125 0.186484375
3 0.5467578125 0.5528125 0.0172265625 0.1074609375
1 0.5662890625 0.5505078125 0.0218359375 0.148828125
3 0.491171875 0.55625 0.0255078125 0.1189453125
1 0.4026953125 0.5822265625 0.0369921875 0.09640625
1 0.4720703125 0.710625 0.0379296875 0.1335546875
1 0.55640625 0.67640625 0.045703125 0.1211328125