0 0.2659765625 0.3892578125 0.0347265625 0.129609375
0 0.3176953125 0.43359375 0.0416015625 0.066640625
5 0.3863671875 0.4478515625 0.054921875 0.1043359375
3 0.4925390625 0.4662109375 0.0190625 0.1226953125
3 0.53390625 0.4891796875 0.0282421875 0.1134765625
1 0.5890234375 0.4864453125 0.0282421875 0.10796875
1 0.646484375 0.4537890625 0.0236328125 0.143828125
1 0.6937890625 0.4469140625 0.0355859375 0.13921875
0 0.7381640625 0.4156640625 0.0461328125 0.09515625
4 0.78890625 0.587265625 0.0475 0.093671875
4 0.2198046875 0.5426953125 0.0388671875 0.087265625
4 0.4185546875 0.6109375 0.02734375 0.1271875
4 0.5729296875 0.61484375 0.04203125 0.11203125