5 0.2234765625 0.5459375 0.0278515625 0.0844921875
5 0.260234375 0.5558203125 0.0462109375 0.108828125
0 0.3450390625 0.5404296875 0.064140625 0.110234375
1 0.432109375 0.53328125 0.0406640625 0.1281640625
1 0.48703125 0.553046875 0.02640625 0.12171875
1 0.5003515625 0.560859375 0.0255078125 0.109765625
1 0.583984375 0.6088671875 0.0089453125 0.054140625
1 0.5545703125 0.569140625 0.023671875 0.08953125
1 0.6055859375 0.5771484375 0.0245703125 0.0918359375
0 0.7330859375 0.5778515625 0.0268359375 0.116171875
0 0.7843359375 0.5748828125 0.005234375 0.1148046875
4 0.82015625 0.4903515625 0.04015625 0.111171875
4 0.1685546875 0.4818359375 0.042109375 0.1171484375
4 0.174765625 0.6435546875 0.0591015625 0.1280859375
4 0.8192578125 0.679609375 0.0566796875 0.122109375
1 0.4298046875 0.6871875 0.0416015625 0.143671875
1 0.45921875 0.67203125 0.0489453125 0.14828125
1 0.599375 0.6940625 0.0626953125 0.1372265625