0 0.2653125 0.5544140625 0.02875 0.133671875
0 0.315625 0.556015625 0.0420703125 0.1047265625
5 0.378125 0.5025 0.0567578125 0.1676953125
3 0.5116015625 0.5238671875 0.0250390625 0.1323046875
2 0.5462890625 0.5155859375 0.0255078125 0.1525
1 0.6048828125 0.526171875 0.0369921875 0.14609375
1 0.688984375 0.483671875 0.0430078125 0.1943359375
1 0.777421875 0.5197265625 0.052109375 0.1516015625
1 0.808203125 0.7071875 0.07140625 0.14046875
4 0.264375 0.7583984375 0.063671875 0.1371875
1 0.5851171875 0.7005078125 0.0433984375 0.13171875