0 0.2581640625 0.61046875 0.02828125 0.1170703125
1 0.347109375 0.607265625 0.0452734375 0.1014453125
1 0.4196875 0.5959765625 0.0434375 0.1570703125
3 0.486796875 0.5964453125 0.030546875 0.11203125
3 0.5134375 0.58015625 0.0287109375 0.1299609375
1 0.588359375 0.572578125 0.0406640625 0.17453125
1 0.6641796875 0.5923046875 0.0360546875 0.1864453125
1 0.731484375 0.5996875 0.037421875 0.146015625
4 0.76640625 0.7721875 0.052109375 0.1096484375
5 0.43875 0.7395703125 0.031015625 0.127109375
1 0.37671875 0.7510546875 0.0264453125 0.1408984375