4 0.342265625 0.455859375 0.0218359375 0.143359375
1 0.2947265625 0.4427734375 0.032421875 0.14015625
1 0.4353125 0.4972265625 0.01953125 0.1525390625
3 0.5008203125 0.510078125 0.01953125 0.141484375
3 0.551796875 0.544765625 0.018125 0.1051953125
3 0.6124609375 0.51125 0.0475390625 0.1391796875
0 0.68046875 0.5585546875 0.03703125 0.0959765625
0 0.7411328125 0.5480078125 0.0107421875 0.02890625
4 0.7760546875 0.5824609375 0.0622265625 0.070234375
4 0.3174609375 0.6316015625 0.0825 0.10421875
1 0.4675 0.6555078125 0.047109375 0.115234375