4 0.259667497921862 0.4696366508688783 0.05098088113050706 0.1439652448657188
0 0.30265170407315045 0.5348341232227488 0.018196176226101413 0.12541864139020537
0 0.7428262676641729 0.520173775671406 0.02691604322527016 0.13671406003159559
0 0.7372402327514547 0.6774249605055293 0.04187863674147964 0.12172195892575038
4 0.23947630922693264 0.6744865718799368 0.06285951787198671 0.13842022116903635
4 0.8029093931837074 0.6715481832543444 0.06632585203657523 0.15511848341232226
4 0.7974397339983376 0.46219589257503946 0.06014962593516209 0.13358609794628754
5 0.5079551122194514 0.5291943127962085 0.04642560266001663 0.15475513428120063
5 0.40358270989193684 0.5343759873617694 0.07280133000831256 0.15159557661927328
5 0.5963009143807149 0.5258135860979463 0.03310889443059019 0.14347551342812007
5 0.398595178719867 0.6986255924170617 0.03908561928512053 0.15510268562401264
5 0.6143474646716541 0.7002053712480253 0.050207813798836244 0.12666666666666668