0 0.356953125 0.5390234375 0.0365625 0.11296875
1 0.3990234375 0.55328125 0.048046875 0.1543359375
1 0.5334375 0.564296875 0.0181640625 0.1028515625
1 0.607421875 0.5512109375 0.046640625 0.13640625
0 0.6666796875 0.5121484375 0.0278125 0.141015625
0 0.71609375 0.5353515625 0.0387890625 0.0909375
0 0.7760546875 0.506640625 0.043828125 0.0748828125
4 0.218671875 0.680078125 0.041171875 0.0954296875
1 0.7726171875 0.641484375 0.0507421875 0.091796875
4 0.785 0.6242578125 0.0663671875 0.107890625
1 0.5665234375 0.71109375 0.0475390625 0.1252734375
1 0.4773828125 0.7271484375 0.0530859375 0.166640625
1 0.4475 0.744375 0.0576953125 0.2056640625
1 0.2696484375 0.5528125 0.0420703125 0.1074609375