1 0.284375 0.3708984375 0.0163671875 0.0561328125
0 0.3245703125 0.38421875 0.0278125 0.0551953125
0 0.3512109375 0.380078125 0.0259765625 0.0744921875
0 0.4498046875 0.37640625 0.0530859375 0.122265625
3 0.5047265625 0.38078125 0.0204296875 0.1172265625
3 0.524921875 0.37640625 0.0241015625 0.122265625
1 0.5614453125 0.367890625 0.0282421875 0.1098828125
1 0.5887890625 0.37203125 0.013984375 0.0905859375
0 0.6669140625 0.37984375 0.0415625 0.115390625
0 0.714921875 0.3828515625 0.04109375 0.0983984375
0 0.7714453125 0.344921875 0.0346484375 0.100703125
0 0.7760546875 0.47171875 0.0622265625 0.07859375
1 0.560546875 0.5468359375 0.0631640625 0.141484375
1 0.490234375 0.54890625 0.04203125 0.159375
1 0.447734375 0.553515625 0.03515625 0.1134375
1 0.3902734375 0.536953125 0.039765625 0.117109375