0 0.29171875 0.419140625 0.0494140625 0.125
0 0.354453125 0.4517578125 0.0232421875 0.1075390625
1 0.4024609375 0.4742578125 0.0411328125 0.0882421875
3 0.5037890625 0.475859375 0.0369921875 0.151171875
3 0.5541015625 0.4818359375 0.0319140625 0.1171484375
1 0.599609375 0.4708203125 0.0401953125 0.1134765625
1 0.646015625 0.4547265625 0.0319140625 0.1456640625
1 0.7069140625 0.4402734375 0.0387890625 0.1305078125
1 0.755390625 0.383046875 0.0484375 0.131015625
1 0.302734375 0.579921875 0.053125 0.1157421875
1 0.3592578125 0.6003515625 0.02828125 0.115234375
1 0.4458984375 0.6237890625 0.023671875 0.0977734375
1 0.5352734375 0.6040234375 0.0401953125 0.1226171875
1 0.61796875 0.601953125 0.021796875 0.1598046875
1 0.6575 0.59921875 0.0273046875 0.1175390625
4 0.7948828125 0.492890625 0.0429296875 0.102421875