0 0.1936328125 0.6286328125 0.0140625 0.1212109375
1 0.3045703125 0.6178125 0.0347265625 0.131796875
1 0.4173828125 0.54796875 0.048046875 0.1759375
3 0.4994140625 0.5307421875 0.023671875 0.136875
5 0.556875 0.5243359375 0.0374609375 0.1975390625
0 0.7372265625 0.5783203125 0.0259375 0.1262890625
0 0.797890625 0.5819921875 0.036953125 0.1336328125
4 0.785234375 0.7542578125 0.043828125 0.1013671875
1 0.5614453125 0.7119921875 0.035625 0.1491796875
1 0.4541796875 0.714765625 0.0296484375 0.169375
0 0.3555859375 0.7459765625 0.0576953125 0.158359375