0 0.2209375 0.3633203125 0.018203125 0.1190625
1 0.4137109375 0.40625 0.0406640625 0.11765625
3 0.502890625 0.4166015625 0.0167578125 0.1888671875
3 0.5269921875 0.418203125 0.023671875 0.1415625
5 0.5812109375 0.394296875 0.0401953125 0.2040625
1 0.6480859375 0.42578125 0.04984375 0.152109375
1 0.722734375 0.41890625 0.029140625 0.11078125
1 0.7838671875 0.4005078125 0.031875 0.11078125
1 0.7108203125 0.582890625 0.0419921875 0.117109375
1 0.6005078125 0.6003515625 0.04203125 0.18875
1 0.55640625 0.5633984375 0.045703125 0.1194140625
1 0.4348828125 0.551875 0.03515625 0.1607421875
1 0.3319140625 0.5348828125 0.0425390625 0.09921875