0 0.1814453125 0.54984375 0.0126953125 0.0693359375
0 0.232890625 0.5700390625 0.042109375 0.0730078125
0 0.279296875 0.58015625 0.033828125 0.07484375
5 0.3673046875 0.5734765625 0.0489453125 0.1028515625
3 0.4644921875 0.603828125 0.0420703125 0.09
3 0.5150390625 0.6054296875 0.0365234375 0.116171875
3 0.57546875 0.6109375 0.0333203125 0.0904296875
5 0.6478515625 0.5707421875 0.0355859375 0.1157421875
5 0.7064453125 0.5746484375 0.028671875 0.0821875
5 0.75421875 0.5585546875 0.03234375 0.0776171875
0 0.8033984375 0.53765625 0.0295703125 0.06796875
1 0.4890625 0.7076171875 0.033359375 0.091796875