4 0.183515625 0.4625390625 0.048984375 0.1153515625
4 0.171328125 0.6775390625 0.0476171875 0.1225390625
4 0.805 0.645625 0.0373828125 0.1092578125
4 0.7877734375 0.5425 0.0351171875 0.0730078125
0 0.7216015625 0.5438671875 0.0420703125 0.0666015625
0 0.65796875 0.51859375 0.037421875 0.1355078125
5 0.6005078125 0.5116796875 0.04203125 0.149296875
5 0.5159765625 0.5169921875 0.02 0.1276953125
1 0.4647265625 0.521796875 0.0416015625 0.1327734375
1 0.40796875 0.52890625 0.0337890625 0.11484375
1 0.3783203125 0.5273046875 0.0526171875 0.125390625
1 0.373515625 0.64515625 0.047578125 0.1542578125
1 0.4562109375 0.644453125 0.047578125 0.1666796875
2 0.497578125 0.6518359375 0.038359375 0.12625
2 0.5725 0.683515625 0.0319140625 0.1253125
2 0.660703125 0.678671875 0.0245703125 0.1386328125
1 0.7521484375 0.656640625 0.0328125 0.09453125