4 0.3048046875 0.445078125 0.071015625 0.098828125
4 0.7291796875 0.4122265625 0.0236328125 0.1204296875
4 0.7801953125 0.5619921875 0.0429296875 0.1074609375
5 0.59453125 0.6552734375 0.05765625 0.137734375
5 0.4444921875 0.644453125 0.0379296875 0.14828125
3 0.4909375 0.5103125 0.0296484375 0.118984375
3 0.5306640625 0.4972265625 0.031015625 0.0973828125
1 0.575 0.475390625 0.0415625 0.1410546875
1 0.6630078125 0.45359375 0.0199609375 0.1112109375
1 0.61109375 0.4549609375 0.0355859375 0.104765625
5 0.420390625 0.4866796875 0.031015625 0.103828125