1 0.2981640625 0.5436328125 0.0623046875 0.0707421875
3 0.447265625 0.536953125 0.0250390625 0.117109375
3 0.47828125 0.5312109375 0.0365234375 0.1469921875
3 0.508828125 0.54796875 0.01953125 0.1575390625
1 0.5708984375 0.5590234375 0.0425 0.1612109375
1 0.6234765625 0.5585546875 0.014453125 0.114375
0 0.6749609375 0.5323828125 0.0438671875 0.1079296875
0 0.7172265625 0.5459375 0.018125 0.0661328125
4 0.7641015625 0.668828125 0.05671875 0.0958984375
1 0.723671875 0.667421875 0.049375 0.10234375
2 0.6296875 0.6938671875 0.0314453125 0.104609375
2 0.5387109375 0.710859375 0.014921875 0.1110546875
2 0.504921875 0.722109375 0.0346875 0.1105859375
2 0.391875 0.695234375 0.0843359375 0.1165625
1 0.33125 0.687890625 0.0733203125 0.101875
1 0.249453125 0.6582421875 0.0383984375 0.10234375