0 0.33078125 0.414765625 0.0264453125 0.1116796875
5 0.4291015625 0.418671875 0.039296875 0.151640625
5 0.4757421875 0.4473828125 0.026875 0.1493359375
5 0.5196484375 0.446015625 0.02734375 0.1373828125
1 0.580078125 0.4505859375 0.0241015625 0.1466015625
1 0.6080859375 0.433125 0.03421875 0.2035546875
1 0.7098828125 0.4613671875 0.0438671875 0.128671875
0 0.7413671875 0.421640625 0.0433984375 0.097890625
1 0.3787890625 0.59921875 0.044375 0.1359375
1 0.463828125 0.58703125 0.039765625 0.116171875
5 0.5738671875 0.618046875 0.0438671875 0.12765625
2 0.6976953125 0.60015625 0.0387890625 0.101015625