4 0.2708203125 0.5041015625 0.02140625 0.1203515625
4 0.2618359375 0.6894921875 0.0356640625 0.0912890625
1 0.362734375 0.56546875 0.02140625 0.0821875
0 0.40015625 0.5983203125 0.02734375 0.0789453125
1 0.455546875 0.55671875 0.0416015625 0.1290625
1 0.505859375 0.571875 0.0181640625 0.0950390625
5 0.5694921875 0.5739453125 0.030546875 0.131328125
5 0.6290234375 0.56359375 0.02546875 0.1887890625
0 0.71515625 0.560859375 0.01859375 0.128125
4 0.781328125 0.5094140625 0.036953125 0.087734375
4 0.7799609375 0.6899609375 0.0470703125 0.10140625
1 0.4644921875 0.733125 0.02734375 0.151015625
5 0.548125 0.73359375 0.0475390625 0.16109375