0 0.1299609375 0.41796875 0.0384375 0.090546875
0 0.1871875 0.42140625 0.03796875 0.1204296875
5 0.360859375 0.4774609375 0.03609375 0.2141015625
5 0.4334765625 0.5153515625 0.0342578125 0.1933984375
5 0.5591796875 0.5153515625 0.0328515625 0.1933984375
5 0.6212109375 0.5158203125 0.0190625 0.13
0 0.6627734375 0.5089453125 0.0241015625 0.1437890625
0 0.708046875 0.506640625 0.036484375 0.13
0 0.7870703125 0.4974609375 0.0475 0.13
0 0.8273046875 0.449453125 0.040625 0.1121484375
1 0.482890625 0.703046875 0.0457421875 0.196484375
1 0.564453125 0.698671875 0.029609375 0.1464453125
1 0.6524609375 0.678671875 0.044765625 0.1386328125