0 0.2705859375 0.48390625 0.025546875 0.11671875
0 0.34640625 0.5103125 0.039296875 0.118984375
3 0.46359375 0.5077734375 0.0255078125 0.1276953125
3 0.4909375 0.51078125 0.0296484375 0.1291015625
3 0.5267578125 0.50984375 0.0278125 0.127265625
3 0.5697265625 0.4930859375 0.02640625 0.1534375
1 0.63453125 0.495390625 0.0333203125 0.112109375
0 0.6935546875 0.4556640625 0.0397265625 0.129140625
1 0.72828125 0.4519921875 0.04015625 0.1033984375
1 0.7374609375 0.61 0.0585546875 0.08859375
1 0.415546875 0.668359375 0.0259765625 0.1409375
1 0.4964453125 0.66859375 0.0406640625 0.136796875
1 0.5759375 0.6628515625 0.0433984375 0.1666796875