1 0.291015625 0.4365625 0.025078125 0.159921875
4 0.275859375 0.5633984375 0.040703125 0.101015625
1 0.3176953125 0.611640625 0.0416015625 0.09640625
2 0.425 0.5091796875 0.040234375 0.1396484375
3 0.474375 0.5194921875 0.0333203125 0.118984375
3 0.509765625 0.537890625 0.0337890625 0.0822265625
3 0.5391796875 0.51421875 0.0434375 0.1405859375
1 0.599375 0.5466015625 0.0443359375 0.145625
1 0.6524609375 0.5500390625 0.02640625 0.1570703125
0 0.6903515625 0.5197265625 0.0241015625 0.1516015625
0 0.7530859375 0.584296875 0.053046875 0.0923046875
5 0.4509375 0.648125 0.05078125 0.137265625