1 0.218671875 0.4246484375 0.041171875 0.11765625
0 0.2671484375 0.4276171875 0.0508203125 0.1006640625
0 0.3101171875 0.42671875 0.01265625 0.043671875
0 0.419453125 0.4547265625 0.0291796875 0.1456640625
3 0.4725390625 0.5016015625 0.0296484375 0.110703125
3 0.5187109375 0.4923828125 0.0255078125 0.1474609375
5 0.5545703125 0.4884765625 0.04203125 0.181015625
5 0.6119921875 0.468046875 0.0190625 0.1447265625
0 0.6795703125 0.459765625 0.0346484375 0.10984375
0 0.727109375 0.4558984375 0.0241015625 0.1066015625
4 0.75125 0.40765625 0.049375 0.129609375
4 0.770078125 0.59578125 0.04109375 0.124453125
4 0.256796875 0.59140625 0.0898828125 0.0964453125
1 0.4332421875 0.6626171875 0.0383984375 0.152421875
5 0.55296875 0.6733984375 0.03421875 0.160234375
1 0.705078125 0.6658203125 0.053515625 0.1129296875