0 0.232890625 0.326796875 0.06046875 0.1333203125
0 0.275625 0.4395703125 0.0080859375 0.1612890625
0 0.3441015625 0.40375 0.04390625 0.0896484375
1 0.4187890625 0.4016796875 0.078359375 0.145234375
1 0.4881640625 0.3941015625 0.024140625 0.1346875
5 0.5701953125 0.423046875 0.0365234375 0.10984375
1 0.584453125 0.3924609375 0.03609375 0.1636328125
0 0.685078125 0.4096875 0.0273046875 0.129140625
1 0.723671875 0.4129296875 0.049375 0.12640625
1 0.7765234375 0.399140625 0.0355859375 0.1172265625
4 0.8219921875 0.629765625 0.043828125 0.11890625
4 0.19453125 0.6171484375 0.034296875 0.1258203125
1 0.41328125 0.6460546875 0.0489453125 0.15609375
1 0.5316015625 0.6316015625 0.05125 0.1593359375
5 0.6012109375 0.6658203125 0.0480078125 0.18640625