4 0.26484375 0.488515625 0.0186328125 0.1075
4 0.3045703125 0.4965234375 0.0383984375 0.1281640625
0 0.3631640625 0.4935546875 0.031484375 0.126796875
2 0.4762109375 0.50734375 0.0369921875 0.09921875
2 0.5352734375 0.5128515625 0.0218359375 0.1469921875
2 0.5715625 0.4946875 0.01171875 0.16125
2 0.661875 0.50203125 0.022265625 0.13921875
0 0.69171875 0.5094140625 0.0191015625 0.1171484375
0 0.735859375 0.510546875 0.03234375 0.0780859375
4 0.7921484375 0.45609375 0.0300390625 0.0841015625
4 0.1968359375 0.6008203125 0.0480859375 0.1253515625
4 0.7278125 0.633203125 0.0668359375 0.11203125
5 0.4380859375 0.6743359375 0.061796875 0.1620703125