0 0.24741399762752075 0.4811697247706422 0.010355871886120997 0.14949541284403672
0 0.29129300118623963 0.5178669724770641 0.017473309608540925 0.07610091743119266
0 0.33577698695136415 0.47543577981651375 0.023392645314353498 0.14263761467889907
0 0.38737841043890864 0.4614678899082569 0.02456702253855279 0.11924311926605505
0 0.4889086595492289 0.416743119266055 0.01886120996441281 0.1169954128440367
1 0.5537959667852906 0.4061926605504587 0.018137603795966784 0.12341743119266056
5 0.5903202846975089 0.4105504587155963 0.015290628706998814 0.19174311926605503
5 0.5049228944246738 0.6662155963302753 0.03428232502965599 0.15717889908256882
5 0.5677817319098458 0.7212385321100917 0.03189798339264532 0.1755045871559633
2 0.6237722419928826 0.6799770642201836 0.020498220640569397 0.09298165137614679
2 0.6598339264531435 0.6769954128440367 0.026192170818505337 0.10995412844036696
4 0.7574495848161328 0.5735779816513762 0.043487544483985764 0.11871559633027523