4 0.28491666666666665 0.3924025974025974 0.034772727272727275 0.1113474025974026
4 0.2825378787878788 0.5574837662337663 0.043 0.0889935064935065
0 0.37690151515151515 0.47910714285714284 0.015280303030303031 0.1270616883116883
0 0.34476515151515147 0.4807305194805195 0.022424242424242426 0.13493506493506494
0 0.31316666666666665 0.47355519480519476 0.011174242424242425 0.11594155844155844
5 0.4528712121212121 0.49741883116883123 0.024356060606060603 0.16831168831168833
1 0.4932348484848485 0.4728571428571428 0.025 0.1284577922077922
5 0.606969696969697 0.4668344155844156 0.029522727272727273 0.12568181818181817
0 0.6696287878787879 0.45545454545454545 0.04790909090909091 0.18180194805194805
4 0.7449469696969697 0.5859902597402598 0.03924242424242424 0.13209415584415585
5 0.46812878787878787 0.6532305194805195 0.026734848484848483 0.10886363636363637
0 0.4029848484848485 0.4981331168831169 0.021984848484848486 0.08160714285714286
0 0.42678787878787877 0.49094155844155846 0.008992424242424241 0.11824675324675325
1 0.5290530303030303 0.5064772727272727 0.024340909090909094 0.11313311688311688