1 0.2701080631753948 0.5289871611982881 0.015968412302576892 0.10599144079885876
1 0.22965918536990854 0.5356348074179743 0.012651704073150458 0.08126961483594865
4 0.27592684954280966 0.6801426533523537 0.03314214463840399 0.12300998573466478
0 0.38674979218620115 0.5460912981455064 0.02204488778054863 0.1592154065620542
0 0.34574397339983376 0.5430099857346647 0.006533665835411472 0.10075606276747504
3 0.46571072319201995 0.549885877318117 0.008179551122194513 0.14780313837375178
3 0.507689110556941 0.5432382310984308 0.006234413965087282 0.153509272467903
1 0.5405236907730673 0.5422824536376605 0.01370739817123857 0.13259629101283882
1 0.6003657522859518 0.5242225392296719 0.02256026600166251 0.13450784593437948
1 0.6259933499584373 0.5192296718972896 0.0156359102244389 0.14830242510699002
1 0.7160349127182045 0.4857203994293866 0.01285120532003325 0.08604850213980028
1 0.6682460515378221 0.4724108416547789 0.026425602660016624 0.11647646219686164
1 0.622809642560266 0.6727817403708988 0.028653366583541146 0.08450784593437946
1 0.42927680798004986 0.5434807417974322 0.021205320033250208 0.11121255349500712
1 0.42595178719866994 0.6955920114122682 0.014555278470490441 0.1491440798858773