0 0.2985583333333333 0.5675302013422819 0.03545 0.10059060402684564
0 0.3493833333333333 0.5596912751677853 0.04265833333333333 0.09836241610738256
1 0.2562 0.5308456375838927 0.0424 0.1167248322147651
5 0.6174166666666666 0.556778523489933 0.03984166666666667 0.13280536912751678
5 0.678525 0.5453825503355705 0.028716666666666668 0.12342281879194632
5 0.4974333333333333 0.6860536912751678 0.03319166666666667 0.11394630872483222
5 0.48423333333333335 0.5545503355704697 0.037358333333333334 0.11939597315436241
1 0.7218583333333334 0.7068456375838926 0.037599999999999995 0.1331543624161074
1 0.7739333333333334 0.6961208053691276 0.033424999999999996 0.11169127516778522
0 0.8340666666666666 0.6699463087248322 0.028691666666666667 0.13542281879194631
0 0.7985166666666667 0.5849664429530201 0.02018333333333333 0.07285906040268457
0 0.8465666666666667 0.5494093959731544 0.025908333333333332 0.10463087248322148
0 0.7590749999999999 0.5628187919463088 0.02315 0.13146308724832215
1 0.322025 0.6746577181208053 0.03516666666666667 0.08665771812080537
5 0.42368333333333336 0.7048322147651007 0.038483333333333335 0.11571812080536911
4 0.26397499999999996 0.6610067114093959 0.04684166666666667 0.11753020134228188