1 0.24554956896551725 0.47505720823798625 0.018685344827586207 0.11164759725400457
1 0.29790948275862067 0.48899313501144165 0.015657327586206894 0.09837528604118993
1 0.3440301724137931 0.5045537757437071 0.030301724137931037 0.1111670480549199
1 0.40750000000000003 0.481441647597254 0.02576508620689655 0.14276887871853547
1 0.45264008620689655 0.4825858123569794 0.014773706896551725 0.15876430205949657
1 0.513415948275862 0.5068421052631579 0.024245689655172414 0.1432036613272311
1 0.5820474137931034 0.5020366132723112 0.030043103448275862 0.17478260869565215
0 0.6941056034482759 0.5393363844393593 0.021411637931034483 0.08919908466819221
0 0.7417349137931035 0.5191990846681922 0.026142241379310347 0.10384439359267734
0 0.8113469827586206 0.501350114416476 0.023114224137931034 0.11391304347826087
4 0.8189870689655172 0.6878032036613272 0.04057112068965517 0.12524027459954232
1 0.4169827586206896 0.7092906178489702 0.018868534482758624 0.15908466819221967
1 0.4649245689655172 0.6635697940503433 0.02122844827586207 0.14810068649885583
4 0.31579741379310344 0.6667505720823799 0.03850215517241379 0.11977116704805493