5 0.3358203125 0.4735546875 0.0273828125 0.1373828125
1 0.3787890625 0.453359375 0.0259765625 0.1337109375
1 0.462421875 0.436796875 0.02734375 0.1925390625
0 0.5279296875 0.44875 0.0255078125 0.1429296875
1 0.58765625 0.453828125 0.0346875 0.12546875
1 0.6609375 0.449921875 0.0387890625 0.1222265625
1 0.3406640625 0.603828125 0.032421875 0.108359375
1 0.435078125 0.6109375 0.023671875 0.145546875
2 0.5203515625 0.633203125 0.0333203125 0.0752734375
2 0.575234375 0.606796875 0.0190625 0.0913671875
2 0.61796875 0.614140625 0.021796875 0.1244140625