0 0.25300108342361866 0.5483153347732181 0.019176598049837484 0.10697624190064794
0 0.31101841820151677 0.5473650107991361 0.02446370530877573 0.10505399568034557
5 0.432112676056338 0.550475161987041 0.04996749729144095 0.12568034557235422
1 0.4491982665222102 0.5780777537796976 0.031180931744312027 0.08967602591792657
1 0.566803900325027 0.5823974082073433 0.02321776814734561 0.1079049676025918
3 0.5273239436619719 0.5636717062634989 0.021300108342361863 0.09928725701943844
3 0.4909750812567714 0.5636717062634989 0.020823401950162513 0.09928725701943844
0 0.62807150595883 0.5739956803455724 0.027778981581798482 0.10550755939524838
0 0.7087215601300109 0.5562419006479482 0.02055254604550379 0.07961123110151187
0 0.7497724810400866 0.5509719222462203 0.032816901408450706 0.0978401727861771
4 0.2248320693391116 0.6406911447084233 0.025438786565547128 0.09490280777537796
4 0.27021668472372695 0.6706695464362851 0.03674972914409534 0.11168466522678186
5 0.390216684723727 0.702829373650108 0.04322860238353196 0.10879049676025918
5 0.47206933911159266 0.6733045356371491 0.03358613217768147 0.10257019438444925
5 0.545373781148429 0.6843412526997841 0.03333694474539545 0.09585313174946004
5 0.5972589382448538 0.6958747300215983 0.03356446370530878 0.09967602591792657
0 0.6868147345612133 0.6970626349892008 0.04895991332611051 0.07807775377969763
0 0.7324377031419285 0.6920302375809936 0.027042253521126762 0.07280777537796976