1 0.2698828125 0.395234375 0.0195703125 0.095625
1 0.31125 0.453125 0.0471484375 0.082734375
1 0.3831640625 0.4437109375 0.039296875 0.105234375
1 0.4419921875 0.4583984375 0.02828125 0.1346484375
1 0.4842578125 0.4710546875 0.0208984375 0.109375
1 0.5116015625 0.491484375 0.0250390625 0.127265625
5 0.5821484375 0.46140625 0.04203125 0.1176171875
5 0.63359375 0.440234375 0.0346875 0.14890625
5 0.6820703125 0.415234375 0.0259375 0.14015625
0 0.7216015625 0.4078515625 0.0498046875 0.107109375
4 0.785703125 0.5431640625 0.035546875 0.0973828125
4 0.213359375 0.5280078125 0.044375 0.07625
2 0.31609375 0.6005859375 0.0521875 0.1478515625
2 0.4541796875 0.638515625 0.01125 0.1087890625
3 0.497109375 0.6587109375 0.0282421875 0.1308203125
3 0.5269921875 0.6334375 0.023671875 0.12625
3 0.5665234375 0.613203125 0.0291796875 0.1593359375
3 0.60328125 0.611171875 0.0291796875 0.1598046875