4 0.2393359375 0.3049609375 0.0365625 0.0851171875
4 0.2154296875 0.51765625 0.025546875 0.0969140625
2 0.2740234375 0.391796875 0.018125 0.1025
2 0.300234375 0.43796875 0.0434765625 0.098359375
2 0.3594921875 0.446015625 0.024140625 0.1373828125
2 0.40453125 0.4772265625 0.0223046875 0.1263671875
2 0.4330078125 0.5011328125 0.024140625 0.118984375
2 0.5201171875 0.5238671875 0.0558203125 0.1323046875
2 0.6241796875 0.465546875 0.038828125 0.0983203125
0 0.6825390625 0.438203125 0.01765625 0.09421875
0 0.715625 0.4317578125 0.0470703125 0.0813671875
4 0.7401953125 0.330234375 0.0456640625 0.0529296875
4 0.8146484375 0.5702734375 0.029140625 0.0872265625
4 0.3126171875 0.6288671875 0.040703125 0.0803125
4 0.444296875 0.686484375 0.023671875 0.1266796875
2 0.5187109375 0.6940625 0.0255078125 0.155625
1 0.6937890625 0.62515625 0.0539453125 0.1280859375