0 0.248984375 0.43796875 0.0466796875 0.1351171875
0 0.291953125 0.51125 0.0269140625 0.0840625
0 0.3445703125 0.495625 0.035625 0.126328125
5 0.4024609375 0.4894140625 0.0411328125 0.127734375
5 0.5030859375 0.50296875 0.031015625 0.1777734375
1 0.58328125 0.498359375 0.015390625 0.150234375
1 0.629453125 0.53765625 0.0355859375 0.1230859375
0 0.6873828125 0.53765625 0.022734375 0.086328125
0 0.7390625 0.5654296875 0.04796875 0.1189453125
0 0.80453125 0.5121484375 0.0640625 0.104296875
1 0.7833984375 0.6655859375 0.0769140625 0.098671875
2 0.524453125 0.661015625 0.05078125 0.1630078125
1 0.4383203125 0.7014453125 0.0576953125 0.1703125