4 0.2708203125 0.460234375 0.0398046875 0.1383203125
4 0.2358984375 0.6508984375 0.0434765625 0.1244140625
0 0.7220703125 0.484375 0.0415625 0.126796875
4 0.7877734375 0.625390625 0.0534765625 0.083515625
5 0.5123046875 0.55234375 0.031015625 0.1525
5 0.509765625 0.6770703125 0.039765625 0.1308203125
5 0.5823828125 0.68375 0.037890625 0.121171875
1 0.4562109375 0.671796875 0.0291796875 0.1340234375
1 0.4173828125 0.4965234375 0.070078125 0.1391796875
0 0.3319140625 0.5011328125 0.031484375 0.0895703125
0 0.5660546875 0.53375 0.0558203125 0.156640625
1 0.6283203125 0.560625 0.0194921875 0.0771484375