5 0.3992578125 0.4285546875 0.0255078125 0.1576171875
1 0.474140625 0.45609375 0.0374609375 0.120859375
1 0.5931640625 0.456328125 0.02734375 0.1534765625
1 0.677734375 0.448046875 0.0309765625 0.136953125
1 0.412578125 0.6134375 0.024609375 0.1551953125
5 0.50125 0.6274609375 0.045703125 0.123515625
1 0.5669921875 0.621484375 0.039296875 0.083984375
1 0.6083203125 0.61046875 0.030078125 0.1170703125
1 0.7406640625 0.5932421875 0.05578125 0.1148046875
3 0.7760546875 0.44046875 0.04015625 0.1043359375
3 0.72734375 0.449453125 0.0199609375 0.09375
3 0.32296875 0.4205078125 0.02 0.1001953125