0 0.2878125 0.3518359375 0.0278515625 0.0869140625
0 0.3441015625 0.3936328125 0.025546875 0.1245703125
5 0.438984375 0.4184375 0.0452734375 0.1190234375
5 0.52953125 0.4473828125 0.0516796875 0.1493359375
5 0.606953125 0.4163671875 0.0365234375 0.1746484375
5 0.6859765625 0.4315234375 0.0475390625 0.158984375
5 0.754921875 0.402578125 0.0383203125 0.1103125
0 0.747578125 0.5840625 0.0419921875 0.09640625
0 0.71265625 0.6061328125 0.0273046875 0.0669921875
4 0.2986328125 0.546171875 0.0356640625 0.0803515625
5 0.5304296875 0.661015625 0.03515625 0.144609375