2 0.2908203125 0.3403125 0.047578125 0.1650390625
2 0.3875390625 0.360078125 0.0342578125 0.15859375
3 0.4934375 0.345859375 0.0208984375 0.1576953125
3 0.5272265625 0.3926953125 0.037890625 0.0859765625
1 0.580078125 0.3587109375 0.031484375 0.1797265625
1 0.6519921875 0.38078125 0.0346875 0.0988671875
1 0.6896484375 0.409921875 0.036484375 0.106640625
0 0.77515625 0.3862890625 0.0236328125 0.091484375
1 0.693125 0.617578125 0.04796875 0.1175390625
4 0.80546875 0.59390625 0.0695703125 0.109765625
4 0.201640625 0.563828125 0.053125 0.0927734375
1 0.38890625 0.572109375 0.0278125 0.1497265625