1 0.30390625 0.426015625 0.0471484375 0.1222265625
3 0.5506640625 0.4813671875 0.0204296875 0.1254296875
3 0.50265625 0.4781640625 0.031953125 0.1208203125
0 0.2478515625 0.4312890625 0.0305859375 0.1263671875
1 0.4305078125 0.61828125 0.0328515625 0.1602734375
1 0.6837109375 0.4818359375 0.03375 0.135546875
5 0.603515625 0.6169140625 0.0433984375 0.1115625
1 0.5959375 0.4921484375 0.0401953125 0.1405859375
0 0.8314453125 0.3476953125 0.021328125 0.0878515625
0 0.8337109375 0.4937890625 0.0351171875 0.0858984375
0 0.746640625 0.453359375 0.021796875 0.1153515625