0 0.29515625 0.411328125 0.024140625 0.0818359375
0 0.3459375 0.4395703125 0.02921875 0.0877734375
5 0.40453125 0.4549609375 0.048046875 0.119453125
3 0.5513671875 0.4733203125 0.02640625 0.104765625
3 0.5272265625 0.491953125 0.01953125 0.100625
3 0.4909375 0.482734375 0.0296484375 0.118984375
5 0.6094921875 0.4521875 0.0277734375 0.136015625
0 0.6795703125 0.4283203125 0.0346484375 0.0882421875
0 0.70875 0.423046875 0.0241015625 0.091484375
1 0.75078125 0.3775390625 0.0392578125 0.0832421875
2 0.3137890625 0.5585546875 0.071484375 0.1033203125
2 0.626484375 0.6003515625 0.03421875 0.115234375
0 0.69953125 0.590703125 0.0241015625 0.10515625