0 0.319296875 0.46390625 0.0310546875 0.10890625
0 0.3645703125 0.4903515625 0.025078125 0.1295703125
0 0.4075390625 0.503203125 0.023671875 0.118515625
5 0.477578125 0.4921484375 0.030546875 0.188359375
5 0.5148046875 0.5034375 0.0406640625 0.1511328125
0 0.60671875 0.5211328125 0.022265625 0.1083984375
0 0.5626171875 0.5160546875 0.0259375 0.125859375
0 0.662109375 0.5055078125 0.0548828125 0.1139453125
4 0.69703125 0.64515625 0.0512109375 0.08078125
5 0.432109375 0.6924609375 0.0223046875 0.1110546875
1 0.288515625 0.6019921875 0.033828125 0.1046875
5 0.5081640625 0.694296875 0.031953125 0.151484375
4 0.6085546875 0.6812109375 0.0443359375 0.0931640625