0 0.2234355828220859 0.5201411290322581 0.04196319018404908 0.1254032258064516
5 0.3538548057259714 0.5669354838709677 0.03013292433537832 0.12491935483870968
1 0.3982719836400818 0.5756653225806451 0.03943762781186094 0.14685483870967742
5 0.4031492842535787 0.5772379032258065 0.024212678936605316 0.13655241935483872
1 0.4616564417177914 0.5859677419354838 0.016247443762781186 0.12266129032258065
3 0.5228936605316973 0.5741129032258064 0.022832310838445807 0.12133064516129032
1 0.543680981595092 0.5727620967741935 0.03032719836400818 0.1455241935483871
5 0.6029754601226994 0.5543951612903226 0.026226993865030673 0.11776209677419354
1 0.6594376278118609 0.5452217741935484 0.02780163599182004 0.12179435483870966
5 0.6511451942740287 0.5505846774193548 0.03166666666666666 0.11463709677419355
0 0.7223721881390593 0.5351411290322581 0.02189161554192229 0.15987903225806452
0 0.7647443762781185 0.5434274193548387 0.022566462167689164 0.1003024193548387
0 0.7221472392638036 0.6522782258064516 0.03506134969325153 0.058124999999999996
5 0.5955930470347648 0.6690524193548387 0.02282208588957055 0.09618951612903226
5 0.3986094069529652 0.7013104838709678 0.03330265848670757 0.08901209677419354
5 0.32669734151329244 0.6753427419354839 0.046267893660531696 0.09080645161290322
4 0.27353783231083845 0.6538508064516129 0.018098159509202454 0.09798387096774194
4 0.21912065439672804 0.6278629032258065 0.03787321063394683 0.08546370967741936