0 0.1143359375 0.6387109375 0.0255859375 0.14140625
0 0.159375 0.6290625 0.0237109375 0.1129296875
5 0.265078125 0.590234375 0.032890625 0.15015625
1 0.3560546875 0.614609375 0.0383984375 0.0904296875
5 0.45046875 0.584296875 0.0406640625 0.1106640625
5 0.603046875 0.587265625 0.0516796875 0.1671875
0 0.751015625 0.67546875 0.0351171875 0.1046484375
0 0.71953125 0.6472265625 0.0466015625 0.091328125
2 0.431640625 0.7544921875 0.0305859375 0.115625
1 0.388203125 0.7776953125 0.05859375 0.1390234375
1 0.1887890625 0.775859375 0.04578125 0.1169921875