4 0.1995703125 0.6359765625 0.0351953125 0.1175390625
4 0.7535546875 0.4937890625 0.0263671875 0.12265625
4 0.7755859375 0.6049609375 0.052109375 0.0876953125
4 0.6575 0.545 0.045703125 0.1046875
5 0.5380078125 0.5519140625 0.0567578125 0.116640625
3 0.463828125 0.571875 0.0213671875 0.131796875
5 0.4332421875 0.525 0.0383984375 0.1667578125
5 0.39765625 0.5746484375 0.03609375 0.1189453125
1 0.72 0.6782421875 0.0419921875 0.0917578125
1 0.536875 0.706484375 0.022265625 0.1234375
1 0.4422265625 0.7244140625 0.0608984375 0.1794921875