4 0.2237109375 0.2907421875 0.0237109375 0.0658203125
4 0.7404296875 0.3065625 0.0415625 0.0929296875
0 0.28046875 0.4469140625 0.0315234375 0.12453125
0 0.3358203125 0.444609375 0.0310546875 0.1107421875
5 0.3863671875 0.4019140625 0.0365625 0.122734375
0 0.428671875 0.46484375 0.0108203125 0.165859375
3 0.494609375 0.4437109375 0.0369921875 0.105234375
3 0.525390625 0.4712890625 0.015859375 0.0868359375
5 0.5851171875 0.4349609375 0.0250390625 0.13375
5 0.6290234375 0.4388671875 0.02546875 0.1185546875
4 0.7765234375 0.5404296875 0.0539453125 0.0734765625
4 0.1851171875 0.5399609375 0.0384375 0.0817578125
1 0.2921875 0.5895703125 0.041171875 0.1074609375
5 0.4026953125 0.629765625 0.0369921875 0.1556640625
5 0.55203125 0.602421875 0.0323828125 0.1331640625