1 0.27327426160337553 0.5002303262955854 0.03769620253164557 0.08779270633397314
5 0.3972151898734177 0.40859884836852206 0.026067510548523208 0.16362763915547024
1 0.37063291139240506 0.4157965451055662 0.01510548523206751 0.13005758157389635
2 0.4348691983122363 0.39708253358925144 0.03175527426160338 0.12142034548944337
1 0.4780084388185655 0.45320537428023033 0.014666666666666666 0.18566218809980806
0 0.7324135021097046 0.41554702495201534 0.017156118143459916 0.13437619961612285
0 0.7718649789029536 0.42754318618042225 0.01588185654008439 0.1295585412667946
5 0.5853839662447257 0.45464491362763915 0.039535864978902956 0.17896353166986564
5 0.5545822784810126 0.608637236084453 0.05389029535864979 0.1318426103646833
4 0.4977299578059071 0.6122264875239923 0.03090295358649789 0.10547024952015356
5 0.6389620253164556 0.6282917466410748 0.020126582278481013 0.12320537428023032
5 0.38371308016877637 0.6242226487523993 0.03281856540084388 0.13904030710172743
2 0.413662447257384 0.5959309021113244 0.02522362869198312 0.11122840690978887
2 0.33276793248945147 0.5949520153550865 0.021654008438818567 0.14767754318618043