0 0.2791015625 0.3725 0.0379296875 0.1190625
0 0.2354296875 0.37109375 0.033359375 0.1438671875
5 0.39375 0.3350390625 0.04390625 0.1792578125
5 0.438984375 0.282890625 0.0452734375 0.1512890625
3 0.4964453125 0.2971484375 0.0223046875 0.1521875
1 0.6090234375 0.2920703125 0.0360546875 0.188046875
0 0.7346875 0.3320703125 0.0162890625 0.1117578125
0 0.770078125 0.3428515625 0.0226953125 0.11953125
0 0.650390625 0.5691015625 0.045234375 0.1446875
5 0.5692578125 0.553515625 0.0346875 0.1318359375
1 0.459921875 0.5783203125 0.054921875 0.163046875
4 0.7530859375 0.5155859375 0.053046875 0.0973828125