0 0.22875 0.4505859375 0.0393359375 0.1061328125
1 0.323671875 0.452890625 0.044375 0.105234375
2 0.41578125 0.48 0.0218359375 0.150234375
3 0.46609375 0.4935546875 0.031484375 0.1378125
3 0.5008203125 0.4976953125 0.0503125 0.1148828125
1 0.6097265625 0.50984375 0.0236328125 0.1309375
0 0.7013671875 0.4896484375 0.0277734375 0.12359375
0 0.75078125 0.4921875 0.020859375 0.096484375
4 0.8029296875 0.406484375 0.0378515625 0.113515625
4 0.8128125 0.6575390625 0.098984375 0.10375
5 0.5116015625 0.683046875 0.0434375 0.151953125
5 0.4458984375 0.6628515625 0.031484375 0.13359375