0 0.299765625 0.5433984375 0.033359375 0.13
0 0.2453125 0.522265625 0.0393359375 0.1244921875
1 0.396484375 0.5440625 0.0383984375 0.1543359375
5 0.5042578125 0.5360546875 0.047109375 0.15203125
3 0.5619140625 0.5555859375 0.038359375 0.1313671875
5 0.6483203125 0.54984375 0.0273046875 0.124453125
5 0.692421875 0.568203125 0.04203125 0.124453125
5 0.7530859375 0.5861328125 0.0162890625 0.15109375
0 0.7999609375 0.575546875 0.036484375 0.0840234375
0 0.84453125 0.5415625 0.042890625 0.0895703125
1 0.75859375 0.70328125 0.0273046875 0.1188671875
1 0.308046875 0.676640625 0.0498828125 0.10234375
1 0.4608203125 0.69890625 0.038359375 0.0871484375
4 0.2510546875 0.6403515625 0.0462109375 0.0941015625