1 0.2901171875 0.33640625 0.041640625 0.1618359375
1 0.2521875 0.360546875 0.04390625 0.131953125
1 0.381796875 0.3355078125 0.064140625 0.1599609375
3 0.486796875 0.348828125 0.030546875 0.1223046875
3 0.521015625 0.3821484375 0.039296875 0.1659375
5 0.580546875 0.3646875 0.03421875 0.20453125
5 0.66578125 0.4083203125 0.02546875 0.1355859375
0 0.7301171875 0.406484375 0.043828125 0.1319140625
1 0.703203125 0.6274609375 0.0314453125 0.141875
4 0.8155859375 0.603125 0.0493359375 0.12078125
4 0.2117578125 0.5551171875 0.0549609375 0.102890625
1 0.4033984375 0.5636328125 0.035625 0.1262890625