1 0.3230152671755725 0.3163395225464191 0.02854961832061069 0.16318302387267905
0 0.2782697201017812 0.3307161803713528 0.019643765903307887 0.15214854111405834
5 0.4893384223918575 0.4345623342175067 0.028307888040712468 0.12114058355437667
5 0.549351145038168 0.363395225464191 0.025330788804071247 0.19984084880636604
5 0.6025699745547074 0.38925729442970824 0.025737913486005088 0.22944297082228116
1 0.6806997455470738 0.373368700265252 0.027213740458015268 0.14458885941644561
0 0.7236386768447837 0.3707161803713528 0.01767175572519084 0.10392572944297082
0 0.7584096692111959 0.33755968169761275 0.027837150127226463 0.11721485411140584
4 0.6020356234096692 0.5824137931034482 0.035279898218829514 0.12944297082228115
4 0.538854961832061 0.5907957559681697 0.019185750636132315 0.13740053050397877
5 0.49804071246819337 0.5751193633952254 0.024491094147582698 0.11928381962864722
1 0.43008905852417306 0.5346684350132626 0.03488549618320611 0.10472148541114057
1 0.3891603053435114 0.5185411140583555 0.03362595419847328 0.11225464190981432
4 0.2768956743002544 0.48098143236074276 0.05293893129770992 0.116684350132626
4 0.33774809160305347 0.4988594164456233 0.034694656488549615 0.16572944297082226