0 0.2976953125 0.4021484375 0.0337890625 0.1001953125
0 0.3567578125 0.418671875 0.03703125 0.114921875
5 0.4261328125 0.448046875 0.0379296875 0.136953125
3 0.521484375 0.4813671875 0.031015625 0.143828125
3 0.5458203125 0.479296875 0.03375 0.1442578125
5 0.6126953125 0.444375 0.0433984375 0.129609375
5 0.65359375 0.4464453125 0.0241015625 0.1475
0 0.699765625 0.4464453125 0.0199609375 0.1107421875
1 0.7562890625 0.3959375 0.0502734375 0.15671875
1 0.3165234375 0.569140625 0.04390625 0.1262890625
4 0.2618359375 0.526875 0.0356640625 0.0969140625
4 0.7916796875 0.502734375 0.05671875 0.0900390625