4 0.2505859375 0.2976171875 0.0361328125 0.0887890625
4 0.755390625 0.3265625 0.0484375 0.08234375
4 0.7903125 0.53421875 0.0815234375 0.13
4 0.2188671875 0.537421875 0.0554296875 0.1088671875
1 0.299765625 0.6440234375 0.0701171875 0.1014453125
1 0.44015625 0.6926953125 0.04296875 0.1253125
3 0.5228515625 0.5394921875 0.0245703125 0.163515625
3 0.49 0.51515625 0.0278125 0.1240234375
0 0.3980859375 0.478828125 0.0462109375 0.1341796875
0 0.314921875 0.445546875 0.03609375 0.0721484375
0 0.29515625 0.3936328125 0.0425390625 0.0878125
0 0.6278515625 0.503203125 0.046171875 0.0817578125
0 0.6765625 0.452421875 0.0516796875 0.113515625
0 0.7172265625 0.417734375 0.036484375 0.0946875
1 0.695859375 0.633203125 0.0351171875 0.130390625