0 0.27703125 0.491015625 0.0383984375 0.080390625
0 0.341796875 0.5 0.0301171875 0.1212890625
0 0.4102734375 0.49171875 0.047578125 0.123125
3 0.4730078125 0.5162890625 0.039765625 0.1584765625
1 0.5178125 0.5346484375 0.04203125 0.12171875
1 0.5694921875 0.5275390625 0.030546875 0.17640625
1 0.6078515625 0.5259375 0.038359375 0.1134765625
1 0.7337890625 0.47171875 0.0328125 0.1153125
4 0.7799609375 0.621484375 0.028671875 0.1207421875
4 0.249453125 0.6435546875 0.056796875 0.1097265625
5 0.4688671875 0.6871875 0.0406640625 0.1142578125
5 0.5313671875 0.7005078125 0.0553515625 0.1501171875