4 0.163515625 0.4453125 0.041171875 0.1498046875
4 0.7567578125 0.4012109375 0.0419921875 0.098359375
1 0.658203125 0.440234375 0.036953125 0.1231640625
5 0.5819140625 0.421171875 0.06453125 0.1796875
5 0.4727734375 0.4312890625 0.04390625 0.144765625
4 0.747578125 0.611171875 0.060390625 0.1046875
4 0.1648828125 0.632734375 0.053125 0.138671875
4 0.388203125 0.603359375 0.047578125 0.1166015625
5 0.3941796875 0.440703125 0.024609375 0.158984375
5 0.296328125 0.441875 0.040234375 0.1383203125
5 0.4525390625 0.479296875 0.05859375 0.1075