4 0.25308103294746215 0.4504129263913824 0.033766696349065005 0.1305924596050269
5 0.2551914514692787 0.605870736086176 0.03131789848619768 0.12466786355475763
4 0.2973820124666073 0.6496229802513465 0.028860195903829027 0.12689407540394973
5 0.3712822796081923 0.45556552962298025 0.034194122885129116 0.1382226211849192
5 0.43627782724844166 0.46743267504488334 0.021709706144256456 0.19341113105924596
5 0.5420124666073018 0.4656552962298025 0.03282279608192342 0.17186714542190307
1 0.6155832591273375 0.4665529622980251 0.035262689225289405 0.1377737881508079
1 0.6724577025823686 0.4948294434470377 0.026571682991985753 0.11351885098743267
5 0.5331077471059661 0.6574685816876121 0.04172751558325913 0.12912028725314184
5 0.4803561887800535 0.6321364452423699 0.0030097951914514693 0.029084380610412925
4 0.5006144256455922 0.5159066427289049 0.021255565449688336 0.12876122082585278
4 0.7010596616206589 0.6218132854578098 0.13318788958147817 0.13224416517055654