1 0.2432421875 0.34953125 0.0581640625 0.146640625
0 0.30734375 0.3809765625 0.025546875 0.1130859375
0 0.3482421875 0.3777734375 0.024609375 0.13421875
1 0.3980859375 0.3430859375 0.0278125 0.170546875
1 0.50609375 0.40328125 0.0323828125 0.17140625
1 0.5499609375 0.3897265625 0.0328515625 0.158125
1 0.6402734375 0.410625 0.0250390625 0.149375
0 0.6951953125 0.3922265625 0.029140625 0.1677734375
1 0.7411328125 0.3518359375 0.036484375 0.138359375
1 0.76546875 0.5507421875 0.07234375 0.1226171875
5 0.5223828125 0.5865625 0.0512109375 0.1795703125
5 0.4139453125 0.5746484375 0.0365625 0.1373046875
2 0.3425 0.5698046875 0.03609375 0.1873828125