4 0.2462109375 0.2883984375 0.0227734375 0.1439453125
5 0.6356640625 0.2737109375 0.03421875 0.20640625
1 0.5467578125 0.3088671875 0.0172265625 0.1801953125
3 0.5196484375 0.2927734375 0.02734375 0.1388671875
1 0.45875 0.287734375 0.038828125 0.156328125
1 0.4144140625 0.29921875 0.046640625 0.1701171875
1 0.397421875 0.5121484375 0.03328125 0.1777734375
5 0.614765625 0.517421875 0.0245703125 0.1378125
5 0.77328125 0.5025 0.0383203125 0.1676953125
4 0.8158203125 0.4425390625 0.06359375 0.144296875
4 0.22484375 0.4239453125 0.0398046875 0.130078125