0 0.3146875 0.4253125 0.040234375 0.1236328125
0 0.2779296875 0.3901953125 0.021875 0.0947265625
4 0.248515625 0.2778515625 0.0365625 0.1136328125
4 0.7574609375 0.291171875 0.029609375 0.1126953125
4 0.7914453125 0.5415625 0.0240625 0.1079296875
4 0.21015625 0.5541796875 0.0471484375 0.1010546875
1 0.3201953125 0.5927734375 0.032890625 0.123046875
3 0.49484375 0.6134375 0.0144921875 0.1184765625
3 0.4998828125 0.4542578125 0.0337890625 0.135546875
1 0.545390625 0.4662109375 0.023671875 0.1226953125
5 0.606484375 0.429453125 0.0448046875 0.159453125
1 0.552734375 0.5976171875 0.0199609375 0.1097265625