4 0.25265625 0.311171875 0.0356640625 0.12046875
4 0.2044140625 0.5365234375 0.0586328125 0.125390625
4 0.308046875 0.6462890625 0.0498828125 0.0968359375
4 0.8036328125 0.5654296875 0.043828125 0.13734375
0 0.7535546875 0.3164453125 0.0263671875 0.0621484375
0 0.735625 0.4173046875 0.036484375 0.10296875
0 0.6878125 0.4575 0.0328125 0.0960546875
5 0.61796875 0.4813671875 0.0401953125 0.088671875
5 0.425 0.502265625 0.040234375 0.1718359375
1 0.431875 0.6782421875 0.0448046875 0.128515625
1 0.5042578125 0.6858203125 0.047109375 0.10234375
1 0.69953125 0.636640625 0.0424609375 0.141875
0 0.739296875 0.594609375 0.043828125 0.0716015625