4 0.2540234375 0.5507421875 0.02921875 0.0895703125
1 0.2990625 0.5167578125 0.0273828125 0.1318359375
5 0.369140625 0.529140625 0.0342578125 0.1474609375
5 0.489296875 0.5241015625 0.0218359375 0.1098046875
1 0.6019140625 0.537890625 0.0355859375 0.13734375
1 0.6625390625 0.5541796875 0.0282421875 0.1377734375
0 0.7411328125 0.5466015625 0.0475390625 0.1088671875
1 0.556640625 0.706015625 0.0415625 0.142734375
0 0.70046875 0.69546875 0.0259375 0.0756640625
5 0.451875 0.7154296875 0.0526171875 0.1569921875
1 0.30734375 0.6959375 0.04390625 0.1041796875