4 0.1621484375 0.4609375 0.02921875 0.1258984375
4 0.1609765625 0.6290625 0.049921875 0.1129296875
1 0.24921875 0.6357421875 0.0425390625 0.121640625
5 0.451875 0.591171875 0.0342578125 0.170390625
5 0.3902734375 0.406484375 0.039765625 0.168671875
5 0.598203125 0.422578125 0.0282421875 0.1548828125
1 0.6563671875 0.430390625 0.029609375 0.1429296875
0 0.6988671875 0.48734375 0.036484375 0.128203125
4 0.7533203125 0.4228125 0.0305078125 0.13234375
4 0.7262109375 0.5893359375 0.0590234375 0.093203125
5 0.6391015625 0.6169140625 0.0273046875 0.1115625
5 0.3078125 0.429921875 0.0356640625 0.114453125