0 0.2576953125 0.5316796875 0.0476171875 0.1865234375
0 0.3101171875 0.5397265625 0.0310546875 0.159375
5 0.411640625 0.54453125 0.0411328125 0.164453125
1 0.4821875 0.5583203125 0.039765625 0.1184765625
1 0.54765625 0.5319140625 0.0374609375 0.15296875
5 0.6212109375 0.54984375 0.037421875 0.1428515625
1 0.66921875 0.540625 0.036953125 0.1612109375
0 0.7142578125 0.5475390625 0.01671875 0.110703125
0 0.738359375 0.529609375 0.0419921875 0.102421875
4 0.75765625 0.6166796875 0.0622265625 0.115703125
1 0.34296875 0.714296875 0.0572265625 0.096796875
2 0.5306640625 0.679375 0.031015625 0.0894921875