0 0.22234375 0.5236328125 0.03015625 0.1364453125
4 0.2791015625 0.5130859375 0.056328125 0.087734375
5 0.35421875 0.533984375 0.0457421875 0.134140625
5 0.435078125 0.52109375 0.0420703125 0.14515625
1 0.537109375 0.5385546875 0.0255078125 0.1433203125
1 0.5003515625 0.5243359375 0.0291796875 0.105625
1 0.669921875 0.46828125 0.0195703125 0.1222265625
4 0.747578125 0.43015625 0.0419921875 0.0735546875
4 0.71953125 0.6334375 0.0502734375 0.0894921875
1 0.6129296875 0.66125 0.0208984375 0.0853515625
1 0.537109375 0.6616796875 0.0438671875 0.1322265625
1 0.4222265625 0.671328125 0.0457421875 0.1276171875
4 0.2620703125 0.6669921875 0.0498828125 0.0738671875