0 0.25703125 0.33390625 0.0122265625 0.1337890625
0 0.2935546875 0.396171875 0.0347265625 0.0791015625
5 0.378125 0.4184375 0.02 0.15578125
3 0.475078125 0.4521875 0.0208984375 0.1727734375
3 0.4847265625 0.4671484375 0.0494140625 0.142890625
3 0.5525 0.467109375 0.0057421875 0.1612890625
1 0.6391015625 0.4340625 0.038359375 0.1502734375
1 0.68875 0.4119921875 0.0346484375 0.1245703125
4 0.691484375 0.2858984375 0.0401953125 0.1158984375
4 0.2834375 0.5503125 0.0696484375 0.079453125
2 0.7064453125 0.5746484375 0.0654296875 0.1373046875
1 0.65015625 0.6166796875 0.049375 0.0973046875
5 0.50265625 0.628828125 0.039296875 0.1170703125