0 0.12125 0.65 0.03015625 0.1041796875
0 0.201875 0.618515625 0.030625 0.119375
0 0.2830078125 0.5753125 0.05953125 0.1616796875
3 0.384765625 0.5624609375 0.047109375 0.1543359375
3 0.423125 0.5587890625 0.0365625 0.1469921875
4 0.521484375 0.5881640625 0.0494140625 0.1543359375
1 0.6126953125 0.556484375 0.0433984375 0.1883203125
0 0.6798046875 0.6120703125 0.030546875 0.14328125
0 0.7142578125 0.6433203125 0.0351171875 0.113828125
0 0.754921875 0.656171875 0.0383203125 0.1028125
0 0.6832421875 0.7857421875 0.04203125 0.1045703125
0 0.6005078125 0.7781640625 0.0236328125 0.0940234375
1 0.380859375 0.753359375 0.04390625 0.1362890625
1 0.2007421875 0.761171875 0.032890625 0.1059765625
1 0.3135546875 0.7625390625 0.00578125 0.1362890625