0 0.26921875 0.3669921875 0.0503515625 0.108046875
0 0.221640625 0.3803125 0.0425390625 0.1255078125
1 0.3873046875 0.32515625 0.0383984375 0.162265625
3 0.4925390625 0.298984375 0.0190625 0.155859375
0 0.583046875 0.303359375 0.0255078125 0.132421875
1 0.6168359375 0.31484375 0.0241015625 0.109453125
2 0.72828125 0.31828125 0.021796875 0.1393359375
0 0.7677734375 0.3467578125 0.0273046875 0.086015625
1 0.6280859375 0.58359375 0.04203125 0.1414453125
1 0.56078125 0.5684375 0.0406640625 0.17546875
1 0.45140625 0.57140625 0.0425 0.12171875