0 0.2809375 0.506171875 0.0232421875 0.13828125
0 0.3294140625 0.5172265625 0.0365625 0.1125390625
1 0.4084375 0.5160546875 0.04390625 0.125859375
3 0.49875 0.498359375 0.054453125 0.16859375
1 0.5426171875 0.5270703125 0.018125 0.1479296875
5 0.5573046875 0.4972265625 0.0475390625 0.189296875
1 0.6398046875 0.51515625 0.03328125 0.142421875
1 0.703671875 0.4864453125 0.0415625 0.10796875
0 0.77515625 0.4698828125 0.0236328125 0.111640625
0 0.75125 0.638046875 0.049375 0.1170703125
1 0.692421875 0.672265625 0.04203125 0.10375