0 0.084921875 0.426484375 0.0402734375 0.121328125
0 0.1359375 0.4551953125 0.0228125 0.1190234375
5 0.346875 0.486875 0.0310546875 0.173203125
3 0.4222265625 0.5011328125 0.0346875 0.1373828125
5 0.6407421875 0.467109375 0.053515625 0.1612890625
0 0.7572265625 0.4581640625 0.052109375 0.120390625
0 0.832109375 0.4119921875 0.0273046875 0.1245703125
4 0.8661328125 0.5737109375 0.04015625 0.0987109375
1 0.318359375 0.66375 0.02921875 0.113359375
1 0.6565625 0.6545703125 0.0438671875 0.113359375
1 0.5279296875 0.6775390625 0.0255078125 0.1409375
4 0.0911328125 0.5705078125 0.057265625 0.101484375
4 0.233359375 0.630703125 0.0521875 0.1207421875
3 0.3873046875 0.50203125 0.02 0.1208203125