4 0.268046875 0.484609375 0.05265625 0.104296875
4 0.78546875 0.498359375 0.0580859375 0.1134765625
4 0.7873046875 0.6980078125 0.043359375 0.1037109375
4 0.2505859375 0.6977734375 0.0434765625 0.1041796875
1 0.4571484375 0.5473046875 0.031015625 0.133203125
0 0.36640625 0.5663671875 0.02875 0.12078125
0 0.318828125 0.5590234375 0.0393359375 0.0693359375
0 0.6198046875 0.5273046875 0.0438671875 0.180546875
0 0.701171875 0.5514453125 0.013515625 0.1506640625
0 0.735859375 0.54203125 0.03234375 0.118046875
5 0.5435546875 0.72234375 0.038359375 0.1248046875
5 0.5662890625 0.5436328125 0.0333203125 0.1809765625
5 0.45875 0.714296875 0.038828125 0.1408984375