0 0.3272329246935201 0.4331379962192817 0.02137478108581436 0.11862003780718336
2 0.3709019264448336 0.4718714555765596 0.032092819614711034 0.1582797731568998
2 0.4180735551663748 0.4539130434782609 0.023546409807355517 0.17909262759924385
5 0.45353765323993 0.4614744801512287 0.041926444833625225 0.1752930056710775
3 0.49567425569176876 0.47682419659735353 0.027688266199649737 0.1256899810964083
3 0.5335464098073555 0.4737618147448015 0.029001751313485112 0.1431758034026465
0 0.569553415061296 0.4446880907372401 0.03753064798598949 0.17483931947069942
5 0.5783099824868652 0.4404347826086957 0.03753064798598949 0.19468809073724005
1 0.6269001751313484 0.43264650283553874 0.029640980735551666 0.16493383742911152
4 0.30501751313485115 0.5873724007561437 0.027285464098073555 0.15773156899810964
4 0.357661996497373 0.627296786389414 0.04281961471103327 0.15724007561436673
0 0.4485026269702277 0.6412476370510397 0.027478108581436077 0.13313799621928168
5 0.6273380035026269 0.6155009451795842 0.05678633975481611 0.10527410207939508
4 0.6895096322241681 0.6237618147448015 0.04101576182136603 0.16432892249527412
4 0.7448861646234676 0.5975425330812855 0.033563922942206656 0.16387523629489603
4 0.7251838879159369 0.34383742911153115 0.04669877408056042 0.17631379962192817