1 0.3082421875 0.3890234375 0.064140625 0.12640625
5 0.4040625 0.379140625 0.0489453125 0.146171875
3 0.502421875 0.4119921875 0.0250390625 0.1245703125
1 0.5378125 0.4230078125 0.031484375 0.1649609375
5 0.571796875 0.39890625 0.0443359375 0.2132421875
0 0.75125 0.3467578125 0.049375 0.1227734375
4 0.805234375 0.5309765625 0.03328125 0.114375
4 0.163046875 0.603828125 0.049453125 0.108359375
5 0.51390625 0.6237890625 0.038828125 0.1712890625
5 0.4753125 0.6430859375 0.03515625 0.191484375
1 0.339296875 0.629296875 0.0388671875 0.1823046875