1 0.300234375 0.4386328125 0.0434765625 0.1226953125
0 0.346640625 0.4894140625 0.0351953125 0.127734375
0 0.399921875 0.495625 0.0498828125 0.126328125
3 0.4966796875 0.5015625 0.0365234375 0.173203125
3 0.5499609375 0.5243359375 0.0328515625 0.142421875
2 0.6437109375 0.52296875 0.0365234375 0.13046875
2 0.6866796875 0.53328125 0.0167578125 0.1281640625
4 0.7815625 0.5728125 0.04015625 0.0821875
4 0.2710546875 0.576484375 0.0540234375 0.1226171875
3 0.536171875 0.66421875 0.023671875 0.08671875
1 0.3680078125 0.6518359375 0.0365625 0.1078515625