4 0.2398901098901099 0.3704741379310345 0.0323956043956044 0.11258620689655173
4 0.20948351648351649 0.49161637931034485 0.03264835164835165 0.09624999999999999
1 0.6067692307692307 0.4059051724137931 0.040879120879120885 0.1642887931034483
2 0.4885824175824176 0.4001508620689655 0.017461538461538462 0.1413146551724138
2 0.44378021978021975 0.42625 0.025032967032967035 0.1810344827586207
0 0.380043956043956 0.44803879310344824 0.009912087912087912 0.09530172413793103
5 0.3097252747252747 0.4327155172413793 0.02554945054945055 0.12213362068965518
2 0.6138461538461538 0.6146551724137931 0.03062637362637363 0.10286637931034483
2 0.5751428571428572 0.5986206896551723 0.024043956043956042 0.10431034482758621
2 0.48126373626373625 0.6168103448275862 0.014527472527472529 0.10239224137931034
2 0.439989010989011 0.6153663793103448 0.015021978021978022 0.14739224137931034
2 0.40715384615384614 0.6127370689655173 0.010395604395604396 0.09903017241379311
2 0.36613186813186815 0.6223060344827587 0.016263736263736263 0.13732758620689656