0 0.389664660361135 0.47536779324055667 0.024187446259673256 0.08834990059642146
0 0.42978503869303525 0.47912524850894633 0.020361134995700775 0.07377733598409543
0 0.4545227858985383 0.4534990059642147 0.01825451418744626 0.093220675944334
2 0.5064918314703353 0.4302982107355865 0.02282889079965606 0.13960238568588468
3 0.5305674978503869 0.46123260437375746 0.01748065348237317 0.11308151093439364
3 0.5598968185726569 0.490596421471173 0.01689595872742906 0.1320675944333996
3 0.5815821152192605 0.4857256461232604 0.023963886500429923 0.14884691848906562
5 0.6188392089423904 0.44930417495029823 0.02587274290627687 0.13341948310139165
5 0.662304385210662 0.45083499005964217 0.022992261392949267 0.17624254473161036
5 0.69402407566638 0.45481113320079525 0.01764402407566638 0.14003976143141153
1 0.7277472055030094 0.4579125248508947 0.029673258813413584 0.15504970178926442
4 0.357274290627687 0.5908548707753479 0.033938091143594154 0.0940159045725646
4 0.4051332760103182 0.6043339960238568 0.020748065348237317 0.09886679920477137
2 0.5048753224419604 0.5912922465208748 0.021496130696474634 0.068389662027833
5 0.6325021496130697 0.6407554671968191 0.016887360275150472 0.14962226640159046