5 0.3790234375 0.5470703125 0.0218359375 0.13734375
3 0.28390625 0.55578125 0.024609375 0.1272265625
1 0.6253515625 0.4848046875 0.0365234375 0.10015625
1 0.7137890625 0.4926171875 0.025 0.1066015625
4 0.7728515625 0.6109375 0.028203125 0.0720703125
1 0.715859375 0.6933984375 0.02453125 0.0577734375
1 0.6524609375 0.7007421875 0.02640625 0.127578125
3 0.5178125 0.564765625 0.023671875 0.094609375
1 0.454140625 0.713828125 0.0406640625 0.1234375
1 0.4215234375 0.7080859375 0.022734375 0.112890625
4 0.1933984375 0.6247265625 0.0549609375 0.099609375