4 0.3206640625 0.34171875 0.024609375 0.085078125
4 0.58671875 0.4119921875 0.0328515625 0.161328125
5 0.6473828125 0.41015625 0.0438671875 0.1025
0 0.71265625 0.413828125 0.0273046875 0.091484375
0 0.7558203125 0.400078125 0.021796875 0.0823046875
5 0.4727734375 0.51953125 0.0255078125 0.0822265625
5 0.4881640625 0.3628515625 0.0425 0.145703125
5 0.46359375 0.356640625 0.0255078125 0.1103515625
4 0.798359375 0.5130859375 0.0470703125 0.069375
1 0.7103515625 0.5394921875 0.0319140625 0.1267578125
0 0.3953515625 0.35640625 0.0223046875 0.09609375
1 0.4063671875 0.506640625 0.0259765625 0.1483984375