0 0.291484375 0.5470703125 0.0351953125 0.1189453125
4 0.240703125 0.5103125 0.048515625 0.118984375
2 0.3939453125 0.5553515625 0.047109375 0.1538671875
2 0.4994140625 0.5528125 0.023671875 0.125859375
3 0.56375 0.5512109375 0.023671875 0.1731640625
5 0.6563671875 0.5700390625 0.0480078125 0.128125
0 0.7457421875 0.5978515625 0.0383203125 0.1055859375
0 0.7955859375 0.5819921875 0.0415234375 0.078515625
0 0.83578125 0.5401953125 0.0530078125 0.0776171875
1 0.8390234375 0.6775390625 0.0502734375 0.08578125
1 0.7652734375 0.68671875 0.036015625 0.1041796875
1 0.4798828125 0.69203125 0.0443359375 0.1193359375
1 0.3277734375 0.683984375 0.0434375 0.098671875
4 0.248046875 0.6490625 0.04484375 0.083984375