0 0.29843116328708647 0.46102249488752556 0.020074706510138738 0.09406952965235174
5 0.42078975453575235 0.44443762781186097 0.027641408751334043 0.17447852760736196
5 0.46632870864461046 0.45648261758691205 0.02384204909284952 0.13948875255623722
1 0.5130416221985059 0.43920245398773006 0.01766275346851654 0.19584867075664622
5 0.5905869797225187 0.4419427402862986 0.035197438633938094 0.18312883435582822
5 0.6643436499466382 0.431717791411043 0.03566702241195304 0.16721881390593046
5 0.47308431163287085 0.6391206543967279 0.025496264674493063 0.10484662576687118
5 0.5975880469583779 0.6384253578732106 0.02310565635005336 0.1534560327198364
1 0.6740661686232657 0.6098159509202454 0.050362860192102454 0.10533742331288343
1 0.7481750266808964 0.600961145194274 0.02545357524012807 0.10124744376278118
4 0.805795090715048 0.5914110429447853 0.04108858057630736 0.10942740286298568
4 0.2525400213447172 0.6908997955010225 0.04925293489861259 0.17206543967280163
4 0.319530416221985 0.6343353783231084 0.03856990394877268 0.1543762781186094
5 0.4397652081109925 0.6520654396728016 0.01625400213447172 0.16977505112474436