0 0.253359375 0.5351171875 0.0232421875 0.095078125
0 0.30734375 0.5663671875 0.025546875 0.102421875
0 0.3521484375 0.5675390625 0.0278125 0.08171875
1 0.4112109375 0.5305078125 0.031015625 0.1594140625
1 0.4876953125 0.5287109375 0.047109375 0.148359375
3 0.521484375 0.5404296875 0.031015625 0.110234375
3 0.5694921875 0.5438671875 0.030546875 0.140078125
1 0.6363671875 0.5551171875 0.0401953125 0.12125
5 0.6942578125 0.5622265625 0.045703125 0.1768359375
0 0.739296875 0.579921875 0.043828125 0.1341015625
0 0.7999609375 0.588671875 0.036484375 0.0872265625
0 0.8371875 0.5512109375 0.0466015625 0.0812890625
1 0.3057421875 0.6821484375 0.03609375 0.113359375
4 0.256796875 0.64515625 0.0347265625 0.099140625
5 0.49390625 0.684453125 0.031015625 0.10875
1 0.7836328125 0.6908984375 0.0654296875 0.0775