0 0.29773087071240106 0.4486282306163022 0.03413368513632366 0.12767395626242545
0 0.34375549692172386 0.48795228628230614 0.03432717678100264 0.056103379721669976
2 0.4770360598065083 0.5535387673956262 0.019445910290237466 0.09447316103379723
3 0.5162181178540018 0.5252683896620278 0.02549692172383465 0.12630218687872763
5 0.5617590149516272 0.5078131212723658 0.018847845206684255 0.12232604373757455
5 0.6123746701846966 0.4808747514910537 0.03017590149516271 0.16562624254473163
5 0.642858399296394 0.4954473161033797 0.028610378188214602 0.13294234592445328
0 0.68311345646438 0.490596421471173 0.015312225153913808 0.09671968190854871
0 0.7240633245382586 0.4616699801192843 0.020967458223394898 0.10512922465208747
1 0.7723306948109059 0.5011928429423459 0.02760773966578716 0.10025844930417495
1 0.3604661389621812 0.6118290258449304 0.022788038698328936 0.10504970178926443
1 0.30270888302550575 0.5866600397614313 0.04605980650835532 0.09886679920477137
5 0.4083377308707124 0.661948310139165 0.03646437994722955 0.12135188866799204
5 0.44401055408970974 0.496779324055666 0.02766051011433597 0.12675944333996023
5 0.39593667546174144 0.4974353876739563 0.025321020228671942 0.114831013916501
5 0.5891116974494284 0.647375745526839 0.034476693051890946 0.1540357852882704