0 0.2080859375 0.488515625 0.032890625 0.0928125
0 0.256328125 0.4852734375 0.024609375 0.091875
5 0.372578125 0.4669140625 0.0457421875 0.0919140625
1 0.4339453125 0.446015625 0.0259765625 0.1006640625
3 0.4913671875 0.433125 0.0213671875 0.0933203125
1 0.545390625 0.4549609375 0.023671875 0.08640625
1 0.5970703125 0.442109375 0.030546875 0.1341796875
2 0.653828125 0.456328125 0.038359375 0.098359375
0 0.78984375 0.483671875 0.049375 0.1098046875
5 0.380859375 0.6083984375 0.0255078125 0.1175390625
5 0.6046484375 0.6173828125 0.0558203125 0.08859375
3 0.5108984375 0.6005859375 0.0190625 0.1111328125
3 0.4764453125 0.603359375 0.0328515625 0.0982421875
4 0.3059765625 0.4811328125 0.031953125 0.1295703125