1 0.8311722912966252 0.35704280155642026 0.04334813499111901 0.07593385214007782
1 0.7897690941385435 0.4156225680933852 0.03380994671403197 0.11042801556420233
3 0.7425932504440497 0.43116731517509727 0.039369449378330375 0.1609922178988327
3 0.6444671403197157 0.4659338521400778 0.011856127886323268 0.157568093385214
3 0.6754440497335701 0.45961089494163426 0.013845470692717585 0.1546498054474708
3 0.4990586145648313 0.4673929961089494 0.018534635879218473 0.13130350194552529
3 0.5589964476021314 0.4768871595330739 0.01408525754884547 0.15511673151750974
5 0.602291296625222 0.49463035019455254 0.025177619893428066 0.18573929961089494
4 0.7942095914742451 0.5768093385214008 0.024928952042628776 0.12638132295719842
5 0.4570959147424512 0.48247081712062256 0.02786856127886323 0.17116731517509728
5 0.4381172291296625 0.473715953307393 0.023206039076376552 0.15365758754863815
5 0.39293960923623444 0.4659338521400778 0.028321492007104796 0.17700389105058367
5 0.39260213143872114 0.6480350194552529 0.034316163410301956 0.14723735408560312
4 0.305461811722913 0.6137548638132296 0.031003552397868558 0.1419066147859922
4 0.2534014209591474 0.5823929961089495 0.026793960923623447 0.1424124513618677
4 0.19768206039076378 0.5011867704280156 0.05300177619893428 0.1648249027237354
0 0.2475222024866785 0.4088132295719844 0.01724689165186501 0.07737354085603114
1 0.30513321492007106 0.43019455252918287 0.019236234458259324 0.15904669260700388
0 0.34487566607460035 0.459863813229572 0.014342806394316163 0.11138132295719845