0 0.1984375 0.399140625 0.0191015625 0.1172265625
0 0.2625390625 0.4184375 0.041640625 0.1190234375
1 0.3643359375 0.4542578125 0.02921875 0.1539453125
3 0.485859375 0.491484375 0.0287109375 0.1640234375
2 0.525625 0.4930859375 0.030078125 0.1901953125
2 0.576171875 0.4772265625 0.0429296875 0.1263671875
2 0.6140625 0.4708203125 0.01859375 0.150234375
2 0.6756640625 0.4781640625 0.0314453125 0.1098046875
2 0.734453125 0.45265625 0.0387890625 0.109375
0 0.7880078125 0.4512890625 0.0309765625 0.0606640625
0 0.7997265625 0.6123046875 0.040625 0.1023828125
5 0.5821484375 0.6770703125 0.04203125 0.1308203125
5 0.3863671875 0.6701953125 0.0365625 0.16296875
4 0.3135546875 0.644453125 0.0425390625 0.0931640625