0 0.2834375 0.5387890625 0.0512890625 0.1391796875
0 0.24484375 0.5277734375 0.0659765625 0.1171484375
3 0.51390625 0.549140625 0.038828125 0.136875
3 0.4679296875 0.5587890625 0.038828125 0.1469921875
0 0.661171875 0.5571875 0.0346484375 0.12078125
0 0.707109375 0.556484375 0.0162890625 0.0964453125
0 0.7870703125 0.5553515625 0.029140625 0.0803515625
1 0.4153125 0.5387890625 0.0301171875 0.1391796875
0 0.579140625 0.7344921875 0.022265625 0.1629296875
5 0.494609375 0.688359375 0.0369921875 0.09359375
5 0.41921875 0.699609375 0.0333203125 0.093125