0 0.248515625 0.444609375 0.0365625 0.12546875
0 0.302734375 0.4666796875 0.0347265625 0.1327734375
0 0.373515625 0.4776953125 0.02921875 0.081328125
2 0.4537109375 0.4887109375 0.0452734375 0.158515625
2 0.5343359375 0.4740234375 0.02 0.1475
5 0.5748046875 0.49171875 0.02734375 0.1598828125
5 0.646015625 0.5078125 0.0319140625 0.1093359375
0 0.726640625 0.5197265625 0.03234375 0.096484375
4 0.7677734375 0.646328125 0.0456640625 0.0784765625
4 0.4451953125 0.6775390625 0.0255078125 0.1041796875
5 0.5655859375 0.6741015625 0.045703125 0.129453125
5 0.2905859375 0.6490625 0.05171875 0.10234375
4 0.2434765625 0.598046875 0.0540234375 0.11984375