0 0.2740234375 0.4212109375 0.03703125 0.0878125
5 0.39765625 0.468046875 0.03609375 0.1263671875
3 0.483125 0.4946875 0.023203125 0.142890625
3 0.5233203125 0.5041015625 0.016328125 0.157109375
5 0.587890625 0.4898828125 0.030546875 0.1378125
5 0.61453125 0.4618359375 0.0287109375 0.182890625
5 0.6788671875 0.4634765625 0.0470703125 0.1171875
5 0.73609375 0.4496875 0.028203125 0.1263671875
4 0.7546875 0.391796875 0.0424609375 0.084140625
4 0.2234765625 0.5539453125 0.0462109375 0.178671875
5 0.3703125 0.57578125 0.031953125 0.116640625
2 0.4734765625 0.618515625 0.031484375 0.0826171875
3 0.5230859375 0.6178125 0.0204296875 0.1133984375
1 0.6207421875 0.606796875 0.045703125 0.1097265625