0 0.3146875 0.3853515625 0.040234375 0.108046875
0 0.3836328125 0.3904296875 0.0310546875 0.1089453125
5 0.427734375 0.3669921875 0.0457421875 0.0896875
5 0.5538671875 0.3959375 0.0360546875 0.1199609375
5 0.65703125 0.3858203125 0.0355859375 0.099765625
5 0.7496484375 0.38859375 0.0231640625 0.068515625
0 0.7992578125 0.39546875 0.0305078125 0.1098828125
5 0.4709375 0.594375 0.0401953125 0.1492578125
5 0.6878125 0.5893359375 0.0328125 0.1483203125
5 0.7441015625 0.5741796875 0.04890625 0.108828125
5 0.327109375 0.5856640625 0.04484375 0.1079296875