0 0.2813671875 0.51375 0.033359375 0.0937109375
0 0.3369921875 0.5211328125 0.025078125 0.1083984375
5 0.4642578125 0.5013671875 0.031484375 0.1332421875
5 0.5651171875 0.529609375 0.0355859375 0.1391796875
1 0.6549609375 0.54109375 0.0470703125 0.1198828125
1 0.7147265625 0.5018359375 0.0268359375 0.088203125
0 0.7634375 0.4903515625 0.03234375 0.0928125
4 0.7677734375 0.61140625 0.0456640625 0.11890625
5 0.56421875 0.6970703125 0.03375 0.120234375
5 0.454140625 0.68671875 0.05171875 0.1298828125
1 0.364765625 0.7055859375 0.039296875 0.0958984375
5 0.2935546875 0.6435546875 0.053125 0.091328125