0 0.30734375 0.57921875 0.04390625 0.109765625
0 0.265078125 0.58015625 0.032890625 0.093203125
5 0.3792578125 0.5165234375 0.0544921875 0.1543359375
3 0.5196484375 0.52640625 0.02734375 0.1051953125
1 0.557109375 0.5114453125 0.0333203125 0.135078125
1 0.6791015625 0.5277734375 0.0429296875 0.1171484375
0 0.7296484375 0.5323828125 0.03375 0.0895703125
0 0.7880078125 0.527109375 0.0309765625 0.0927734375
4 0.2540234375 0.756328125 0.084375 0.1008984375
4 0.825 0.7205078125 0.06359375 0.1211328125
5 0.560078125 0.715234375 0.053046875 0.124375