4 0.2205078125 0.29140625 0.0632421875 0.1453125
4 0.7478125 0.3003515625 0.05625 0.094296875
4 0.7914453125 0.548671875 0.0608203125 0.1083984375
4 0.175703125 0.56359375 0.0609375 0.15203125
1 0.2898828125 0.6065625 0.0457421875 0.150625
5 0.4128125 0.630234375 0.038828125 0.16578125
1 0.6719921875 0.5883984375 0.046171875 0.1428125
2 0.5655859375 0.4283203125 0.02734375 0.1617578125
2 0.5977734375 0.425078125 0.0365234375 0.1277734375
2 0.634296875 0.4246484375 0.022265625 0.136015625
0 0.6765625 0.4184375 0.03328125 0.1190234375
0 0.7216015625 0.4048828125 0.0314453125 0.08734375
5 0.4056640625 0.4230078125 0.0567578125 0.1466015625
0 0.2878125 0.45015625 0.0241796875 0.0923828125
0 0.2427734375 0.4019140625 0.0296875 0.122734375
3 0.4991796875 0.4505859375 0.0278125 0.10984375
3 0.4925390625 0.6205859375 0.0190625 0.0821484375
0 0.5575390625 0.61875 0.0250390625 0.1519921875