0 0.2358984375 0.3915625 0.0434765625 0.1250390625
3 0.29953125 0.425078125 0.0191015625 0.1461328125
3 0.333984375 0.429453125 0.06046875 0.159453125
5 0.459921875 0.426015625 0.054921875 0.14796875
3 0.5472265625 0.4305859375 0.02734375 0.1571484375
3 0.6653125 0.4028125 0.0153515625 0.1429296875
5 0.7792578125 0.3584765625 0.04109375 0.15078125
1 0.8185546875 0.3545703125 0.03234375 0.1108203125
0 0.2115234375 0.51125 0.040703125 0.0840625
5 0.4562109375 0.603125 0.0291796875 0.12078125
1 0.599140625 0.6051953125 0.0484765625 0.1203125
1 0.7999609375 0.544296875 0.05484375 0.1134375
4 0.8419921875 0.47265625 0.051640625 0.0804296875