4 0.785 0.526171875 0.04796875 0.14609375
4 0.2039453125 0.541796875 0.0669140625 0.1037890625
4 0.2575 0.265 0.040703125 0.1062890625
2 0.380859375 0.42625 0.04390625 0.12546875
1 0.3084765625 0.4512890625 0.0416015625 0.0790625
0 0.27171875 0.400078125 0.041640625 0.0823046875
1 0.5759375 0.422109375 0.0250390625 0.144765625
1 0.6097265625 0.4230078125 0.04203125 0.1466015625
0 0.6351953125 0.4051171875 0.0425 0.1199609375
0 0.7009375 0.41796875 0.0360546875 0.1089453125
0 0.7369921875 0.399375 0.030078125 0.0946875
4 0.7457421875 0.265234375 0.05671875 0.1205078125
1 0.315625 0.5895703125 0.0420703125 0.1258203125
1 0.435078125 0.603125 0.023671875 0.1023828125
3 0.516640625 0.59484375 0.0259765625 0.1409765625
1 0.513203125 0.4588671875 0.0328515625 0.1263671875
1 0.4534765625 0.47265625 0.0420703125 0.0987890625