0 0.3443359375 0.4549609375 0.039765625 0.1231640625
1 0.3838671875 0.395234375 0.0452734375 0.095625
3 0.467265625 0.422578125 0.0328515625 0.118125
3 0.5614453125 0.4409375 0.0282421875 0.136484375
3 0.594296875 0.4588671875 0.0250390625 0.1080078125
0 0.6354296875 0.4239453125 0.038359375 0.1116796875
1 0.673828125 0.4319921875 0.0277734375 0.0955859375
1 0.72296875 0.453125 0.025 0.10109375
1 0.4408203125 0.5851953125 0.0305859375 0.1125
1 0.358359375 0.58359375 0.0264453125 0.0679296875
1 0.6051171875 0.5626953125 0.0328515625 0.131796875