0 0.24921875 0.438671875 0.0241796875 0.0859375
0 0.2852734375 0.4632421875 0.0365625 0.1029296875
0 0.3880078125 0.4772265625 0.044375 0.089609375
5 0.5819140625 0.490546875 0.046171875 0.1437890625
2 0.6556640625 0.517890625 0.0236328125 0.111171875
2 0.738359375 0.499296875 0.0236328125 0.133671875
4 0.766875 0.6403515625 0.043828125 0.0941015625
5 0.5706640625 0.6858203125 0.046640625 0.1391015625
1 0.443359375 0.66078125 0.0401953125 0.1340234375
0 0.2972265625 0.6352734375 0.0420703125 0.0931640625
0 0.22921875 0.62609375 0.053125 0.0931640625
1 0.5262890625 0.68421875 0.0360546875 0.1312890625