0 0.2209375 0.373359375 0.0512890625 0.1060546875
0 0.308046875 0.4213671875 0.013125 0.1202734375
5 0.368671875 0.3933203125 0.0425390625 0.1101953125
1 0.4224609375 0.4103125 0.0305859375 0.1349609375
0 0.485390625 0.404609375 0.0223046875 0.120703125
3 0.528828125 0.4328515625 0.02734375 0.1340625
5 0.615234375 0.4245703125 0.0346875 0.1542578125
5 0.66046875 0.4130859375 0.0287109375 0.1588671875
5 0.7248046875 0.4006640625 0.0470703125 0.1248828125
0 0.78109375 0.425703125 0.0263671875 0.115234375
4 0.813515625 0.56859375 0.0498046875 0.09765625
5 0.4084375 0.640703125 0.04390625 0.1408203125
2 0.6048828125 0.6776953125 0.0369921875 0.11828125
3 0.5198828125 0.668515625 0.0416015625 0.099921875
3 0.5582421875 0.667578125 0.0126171875 0.153203125
3 0.46703125 0.6583984375 0.0369921875 0.1164453125