0 0.2005078125 0.39453125 0.03703125 0.12640625
5 0.3475390625 0.429921875 0.03703125 0.1879296875
3 0.47921875 0.5013671875 0.02 0.1516015625
2 0.536171875 0.4901171875 0.023671875 0.1337109375
2 0.61109375 0.4712890625 0.0355859375 0.105234375
2 0.6871484375 0.480234375 0.0268359375 0.0909765625
2 0.73515625 0.483671875 0.0263671875 0.0841015625
0 0.7833984375 0.444375 0.04015625 0.1112109375
4 0.8109765625 0.6012890625 0.0585546875 0.0803515625
5 0.3868359375 0.6784375 0.02828125 0.2346484375
3 0.4883984375 0.6814453125 0.038359375 0.144140625
5 0.614296875 0.6958984375 0.069609375 0.1960546875