0 0.265078125 0.476328125 0.0512890625 0.1796484375
0 0.334921875 0.53328125 0.025546875 0.1281640625
0 0.3987890625 0.556015625 0.0521875 0.1230859375
0 0.4773828125 0.506640625 0.0346875 0.1483984375
5 0.568125 0.518359375 0.0369921875 0.1396484375
1 0.6432421875 0.5052734375 0.030078125 0.1364453125
1 0.7144921875 0.488046875 0.0309765625 0.11578125
0 0.77375 0.4735546875 0.0300390625 0.1373828125
4 0.73953125 0.61875 0.0580859375 0.115234375
4 0.5715625 0.6899609375 0.0484765625 0.1565234375
1 0.47484375 0.6961328125 0.061796875 0.136796875
1 0.3450390625 0.7087890625 0.064140625 0.1115234375