1 0.5924609375 0.4515234375 0.0397265625 0.166796875
1 0.551796875 0.4855078125 0.018125 0.16125
3 0.5120703125 0.467578125 0.03515625 0.1346484375
5 0.41671875 0.4175 0.0420703125 0.1539453125
3 0.318359375 0.4028125 0.02921875 0.1245703125
1 0.4056640625 0.6003515625 0.0383984375 0.1336328125
4 0.5178125 0.6109375 0.04203125 0.0904296875
1 0.5821484375 0.62125 0.0236328125 0.1065234375
0 0.63359375 0.6316015625 0.0346875 0.122578125
0 0.71125 0.6178125 0.03375 0.1133984375
0 0.773984375 0.5709765625 0.044296875 0.093203125