0 0.304130081300813 0.3929457364341085 0.028585365853658534 0.06302325581395349
1 0.3158130081300813 0.5813565891472868 0.02960162601626016 0.13943798449612405
4 0.36378048780487804 0.5905426356589147 0.03609756097560975 0.12877906976744186
0 0.4167235772357724 0.6108914728682171 0.009869918699186993 0.15007751937984495
3 0.5070650406504066 0.4762403100775194 0.01778048780487805 0.15209302325581397
3 0.4898861788617886 0.4692248062015504 0.017991869918699187 0.16226744186046513
0 0.5549268292682926 0.44742248062015505 0.009845528455284552 0.1671317829457364
5 0.5842926829268292 0.40674418604651164 0.02589430894308943 0.14391472868217056
5 0.6249349593495934 0.4324031007751938 0.02589430894308943 0.1661627906976744
5 0.6668048780487804 0.41689922480620156 0.020195121951219513 0.1933139534883721
0 0.7149674796747967 0.4132751937984496 0.014902439024390243 0.1230813953488372
1 0.749219512195122 0.40674418604651164 0.024447154471544715 0.12453488372093025
4 0.7960569105691057 0.5193604651162791 0.042934959349593495 0.1317248062015504
4 0.7498292682926829 0.5714147286821706 0.021601626016260162 0.1437984496124031
4 0.6563414634146341 0.604108527131783 0.02486178861788618 0.1442829457364341
5 0.6189430894308943 0.6106589147286822 0.03626016260162602 0.13505813953488371
3 0.5721951219512195 0.6406782945736433 0.015943089430894307 0.13697674418604652
5 0.544560975609756 0.6341472868217055 0.03382926829268293 0.11906976744186046
1 0.5099105691056911 0.6506007751937984 0.023471544715447157 0.13261627906976745