0 0.2395703125 0.3816796875 0.032421875 0.100703125
3 0.3006640625 0.4280859375 0.0351953125 0.129140625
3 0.376953125 0.4400390625 0.040703125 0.1530078125
5 0.4498046875 0.4202734375 0.0604296875 0.1851953125
3 0.5325 0.4618359375 0.0346875 0.1461328125
5 0.5924609375 0.410625 0.0397265625 0.149375
5 0.697265625 0.42234375 0.0470703125 0.1038671875
5 0.770546875 0.3803125 0.0328125 0.1255078125
0 0.809609375 0.36125 0.028203125 0.101171875
4 0.8468359375 0.4565625 0.0566796875 0.0758203125
5 0.4525390625 0.603125 0.040234375 0.12078125
5 0.6092578125 0.59828125 0.0503125 0.115703125
4 0.20921875 0.4855078125 0.0453125 0.0877734375