0 0.2154296875 0.5158203125 0.025546875 0.0932421875
0 0.3055078125 0.54984375 0.040234375 0.087734375
3 0.43875 0.5656640625 0.031015625 0.1148046875
3 0.4693359375 0.5737109375 0.0323828125 0.117109375
3 0.5106640625 0.5691015625 0.023203125 0.1446875
5 0.5499609375 0.5583203125 0.0512109375 0.1184765625
0 0.615 0.58453125 0.038828125 0.1065234375
1 0.7057421875 0.5783203125 0.0226953125 0.1262890625
0 0.747578125 0.5866015625 0.0419921875 0.1060546875
0 0.78984375 0.5810546875 0.0346484375 0.1134375
1 0.5803125 0.7115625 0.038359375 0.0986328125
1 0.5044921875 0.7090234375 0.04296875 0.1073828125
1 0.4346484375 0.699609375 0.031953125 0.1115234375