4 0.2469140625 0.322421875 0.0471484375 0.101640625
4 0.1741015625 0.4979296875 0.053125 0.085
4 0.7408984375 0.3265625 0.051640625 0.100703125
4 0.8275390625 0.4710546875 0.05484375 0.1019921875
4 0.40453125 0.66375 0.0590625 0.1501171875
1 0.47046875 0.4508203125 0.0484765625 0.1240625
1 0.54421875 0.4595703125 0.0443359375 0.13234375
0 0.64578125 0.42671875 0.0360546875 0.098828125
0 0.6979296875 0.40375 0.0346484375 0.1080078125
0 0.296328125 0.41890625 0.040234375 0.0923828125
0 0.2862109375 0.591640625 0.0383984375 0.08859375
0 0.2478515625 0.5273046875 0.048984375 0.10703125