4 0.2501171875 0.2668359375 0.044375 0.0915625
4 0.7482421875 0.280625 0.04796875 0.1007421875
4 0.7960546875 0.5321484375 0.051640625 0.0937109375
4 0.21703125 0.5436328125 0.0517578125 0.1074609375
1 0.3146875 0.587734375 0.032890625 0.10375
5 0.4509375 0.6047265625 0.032421875 0.146953125
3 0.5113671875 0.6205859375 0.0291796875 0.11890625
5 0.5651171875 0.5962109375 0.0355859375 0.116171875
2 0.509765625 0.472890625 0.0213671875 0.0946484375
2 0.5846484375 0.441875 0.014921875 0.1199609375
2 0.6195703125 0.426953125 0.01125 0.113046875
1 0.6832421875 0.4158984375 0.0309765625 0.1277734375