3 0.49734375 0.5116796875 0.024140625 0.1125390625
3 0.52421875 0.499296875 0.0365234375 0.133671875
5 0.5819140625 0.475859375 0.046171875 0.151171875
0 0.6873828125 0.463671875 0.022734375 0.13140625
0 0.7326171875 0.449921875 0.0534765625 0.08546875
4 0.746640625 0.3826171875 0.04015625 0.1025390625
4 0.2678125 0.407421875 0.0383984375 0.0969921875
5 0.342265625 0.4701171875 0.040234375 0.1258984375
5 0.3799609375 0.5930078125 0.0420703125 0.1189453125
5 0.4185546875 0.4671484375 0.0457421875 0.12453125
4 0.2315234375 0.5861328125 0.048515625 0.077578125
5 0.6276171875 0.59234375 0.0319140625 0.11296875
1 0.5748046875 0.618046875 0.038359375 0.12765625