4 0.265078125 0.4708203125 0.0512890625 0.1134765625
4 0.781796875 0.491484375 0.0507421875 0.145625
4 0.7880078125 0.6968359375 0.060390625 0.0839453125
4 0.24484375 0.694765625 0.0659765625 0.1064453125
1 0.459921875 0.5544140625 0.0291796875 0.15203125
1 0.55546875 0.5663671875 0.0438671875 0.1575390625
1 0.6119921875 0.5705078125 0.0190625 0.1566015625
2 0.5030859375 0.5661328125 0.031015625 0.14328125
5 0.459921875 0.7437109375 0.0328515625 0.1666015625
5 0.630859375 0.7521875 0.029140625 0.1201953125
5 0.693359375 0.7388671875 0.0438671875 0.084375
5 0.548125 0.7466796875 0.0475390625 0.164296875