2 0.310546875 0.3892578125 0.0227734375 0.129609375
2 0.423828125 0.4193359375 0.024140625 0.176015625
5 0.4486328125 0.4168359375 0.055390625 0.1663671875
3 0.537109375 0.4423046875 0.0438671875 0.166796875
5 0.57109375 0.4363671875 0.038359375 0.1456640625
5 0.6402734375 0.4471484375 0.0250390625 0.1534765625
2 0.71125 0.444375 0.03375 0.129609375
0 0.7418359375 0.4349609375 0.0351171875 0.1153515625
4 0.7960546875 0.545234375 0.03328125 0.0969140625
5 0.5301953125 0.6380078125 0.05765625 0.146484375
2 0.6244140625 0.6233203125 0.0162890625 0.1244140625
2 0.450703125 0.6440234375 0.0181640625 0.138203125
2 0.41578125 0.628828125 0.0218359375 0.1170703125
2 0.373984375 0.6334375 0.0209375 0.12625
4 0.2361328125 0.538359375 0.065078125 0.132734375