0 0.27326808510638295 0.5581260364842454 0.020825531914893617 0.08238805970149253
0 0.32700425531914895 0.5645273631840796 0.02617021276595745 0.08096185737976783
1 0.3646893617021277 0.5571807628524047 0.01886808510638298 0.09943615257048093
0 0.45051914893617023 0.5841791044776119 0.020306382978723402 0.1439469320066335
0 0.475804255319149 0.5664179104477612 0.022255319148936168 0.10369817578772803
3 0.5054723404255319 0.5704311774461028 0.01348936170212766 0.1448922056384743
2 0.54 0.5493532338308458 0.014459574468085105 0.12643449419568822
1 0.5903234042553192 0.5635655058043118 0.024663829787234044 0.17001658374792702
0 0.677004255319149 0.5919900497512438 0.028297872340425533 0.0979933665008292
0 0.730127659574468 0.5728192371475954 0.02512340425531915 0.06437810945273632
0 0.7762042553191489 0.5597844112769486 0.03217021276595745 0.09043117744610282
1 0.5312425531914894 0.7302985074626865 0.026136170212765958 0.1282255389718076