0 0.7353754578754579 0.3999173553719008 0.02142857142857143 0.11481404958677686
0 0.6895970695970696 0.4182851239669421 0.03161172161172161 0.09644628099173554
5 0.5992490842490843 0.38797520661157026 0.03814102564102564 0.1643801652892562
5 0.5603846153846155 0.3955578512396694 0.0295970695970696 0.17493801652892563
3 0.5034065934065934 0.40795454545454546 0.029606227106227106 0.1538223140495868
1 0.47471611721611723 0.4049586776859504 0.025137362637362638 0.20752066115702478
1 0.43127289377289374 0.4187396694214876 0.03389194139194139 0.14326446280991736
5 0.38233516483516483 0.4345661157024794 0.02759157509157509 0.20704545454545453
0 0.30694139194139197 0.40611570247933887 0.025366300366300366 0.1134297520661157
5 0.42486263736263735 0.5915495867768595 0.02717948717948718 0.15369834710743802
5 0.5968040293040293 0.5952272727272727 0.03325091575091575 0.14268595041322316
1 0.7433150183150183 0.5387603305785124 0.049505494505494504 0.14915289256198347