0 0.43827499999999997 0.47382660687593425 0.014175000000000002 0.10119581464872945
0 0.4608916666666667 0.4691330343796712 0.01655 0.1174289985052317
3 0.48875 0.5005231689088192 0.010358333333333332 0.09904334828101645
3 0.5060083333333334 0.4836472346786248 0.023450000000000002 0.12937219730941704
3 0.5361250000000001 0.48599402092675636 0.014633333333333332 0.10418535127055308
3 0.5766 0.4902690582959641 0.009866666666666666 0.11272047832585949
0 0.6182666666666666 0.5325411061285501 0.021766666666666667 0.06914798206278026
0 0.6687333333333334 0.5186696562032885 0.027466666666666667 0.06275037369207773
4 0.729325 0.6476083707025411 0.031983333333333336 0.08144992526158445
4 0.19686666666666666 0.6426905829596412 0.03611666666666667 0.10152466367713005
2 0.3901833333333334 0.6674588938714499 0.013233333333333335 0.08272047832585949
2 0.3559083333333333 0.6732137518684603 0.011333333333333332 0.11559043348281016
2 0.5289833333333334 0.6813303437967115 0.0194 0.07203288490284006
2 0.5539833333333333 0.6851718983557549 0.0074916666666666664 0.0882660687593423