1 0.27592684954280966 0.495450643776824 0.03314214463840399 0.0886695278969957
4 0.25237738985868663 0.47138769670958514 0.02483790523690773 0.08344778254649499
4 0.20374896093100583 0.5991416309012876 0.0356525353283458 0.12912732474964236
4 0.6992768079800499 0.499513590844063 0.026425602660016624 0.09200286123032904
4 0.7631421446384039 0.6563519313304721 0.029459684123025767 0.09095851216022889
5 0.5155860349127181 0.7025894134477826 0.03033250207813799 0.09759656652360515
2 0.5139235245220283 0.5211874105865523 0.027007481296758108 0.14014306151645206
2 0.5608811305070657 0.5216738197424893 0.023956774729842062 0.1315593705293276
2 0.5851288445552785 0.52 0.019792186201163756 0.1234620886981402
2 0.6160182876142977 0.5140486409155937 0.017847049044056526 0.11630901287553648
0 0.6500997506234414 0.5123748211731044 0.013965087281795512 0.08914163090128756
5 0.46487946799667496 0.672074391988555 0.02314214463840399 0.1128755364806867
1 0.44382377389858685 0.6868669527896996 0.025361596009975063 0.09474964234620888
1 0.45199501246882795 0.5326323319027182 0.02231088944305902 0.16301859799713878