0 0.7537211740041928 0.3541800643086817 0.033343815513626834 0.09652733118971062
4 0.839517819706499 0.5192604501607717 0.05818658280922431 0.11892282958199357
0 0.12993710691823898 0.5645016077170418 0.03764150943396226 0.07618971061093248
0 0.20570230607966458 0.6076688102893891 0.05140461215932914 0.1257556270096463
2 0.2609538784067086 0.6441639871382637 0.027138364779874215 0.1482315112540193
5 0.3371593291404612 0.6662057877813504 0.03281970649895178 0.15556270096463024
5 0.3488469601677149 0.4618649517684887 0.038207547169811326 0.14191318327974276
1 0.4585953878406709 0.5082475884244373 0.02710691823899371 0.13361736334405144
1 0.5127987421383647 0.454983922829582 0.03368972746331237 0.11895498392282958
5 0.6426205450733752 0.427427652733119 0.03276729559748428 0.11898713826366561
0 0.1619811320754717 0.367491961414791 0.03583857442348008 0.13233118971061095
5 0.24642557651991615 0.4292604501607717 0.0490041928721174 0.12265273311897107
1 0.5526310272536687 0.6689710610932477 0.03548218029350105 0.14270096463022508
1 0.6661320754716982 0.6244212218649517 0.04084905660377358 0.09956591639871383
0 0.7561215932914046 0.6042282958199356 0.038134171907756816 0.09591639871382636
2 0.6017400419287211 0.6636977491961414 0.03786163522012578 0.09081993569131833
3 0.40200209643605866 0.5135369774919615 0.015733752620545074 0.09366559485530546
4 0.48405660377358495 0.669887459807074 0.03609014675052411 0.1445498392282958