0 0.26092491838955384 0.4796100278551532 0.014972796517954298 0.1377158774373259
0 0.2979216539717084 0.4520055710306407 0.029608269858541893 0.10788300835654595
1 0.3520239390642002 0.47075208913649025 0.025843307943416757 0.11495821727019499
2 0.406626768226333 0.4444289693593315 0.027410228509249186 0.1028133704735376
5 0.4508378672470076 0.4507242339832869 0.022861806311207836 0.1711699164345404
5 0.5996082698585419 0.4173259052924791 0.0196626768226333 0.1853481894150418
1 0.6910990206746463 0.4454317548746518 0.010750816104461372 0.16559888579387189
5 0.7557889009793254 0.40796657381615603 0.03011969532100109 0.1514484679665738
4 0.793373231773667 0.29757660167130917 0.021414581066376497 0.13328690807799443
1 0.5660718171926007 0.6216155988857939 0.013939064200217628 0.13309192200557105
1 0.5925788900979326 0.6271866295264624 0.019466811751904244 0.11384401114206127
0 0.4029706202393906 0.65983286908078 0.014156692056583242 0.15381615598885792
0 0.4402502720348204 0.6342896935933148 0.031360174102285095 0.10774373259052925
4 0.19801958650707288 0.6567966573816155 0.04743199129488575 0.16799442896935934
1 0.658955386289445 0.41200557103064067 0.0196626768226333 0.119025069637883