0 0.2096972972972973 0.46549019607843134 0.012897297297297296 0.11183006535947712
0 0.24368648648648647 0.4913943355119826 0.02562162162162162 0.11034858387799563
1 0.32511351351351353 0.4945315904139434 0.026097297297297296 0.14278867102396517
5 0.3663135135135135 0.5032461873638344 0.028248648648648646 0.18729847494553375
1 0.4273297297297297 0.46814814814814815 0.01575135135135135 0.1606971677559913
1 0.46072432432432436 0.4746840958605664 0.010454054054054054 0.19797385620915034
5 0.6091783783783784 0.4734640522875817 0.02869189189189189 0.2003921568627451
1 0.6663567567567568 0.478322440087146 0.023870270270270267 0.17135076252723314
5 0.7134378378378378 0.44540305010893244 0.025783783783783785 0.22169934640522876
1 0.7684432432432432 0.41272331154684094 0.032983783783783784 0.1863834422657952
4 0.21425945945945946 0.6094771241830066 0.01722162162162162 0.13350762527233115
4 0.2592972972972973 0.6612636165577341 0.023221621621621624 0.1499346405228758
5 0.36943783783783785 0.6743355119825708 0.029686486486486488 0.12766884531590414
5 0.5478054054054055 0.702156862745098 0.028454054054054056 0.18814814814814815
5 0.6055783783783784 0.6852287581699346 0.035891891891891896 0.16396514161220044
4 0.6930162162162162 0.6423965141612201 0.05701621621621622 0.16058823529411764
4 0.7555891891891892 0.6002832244008715 0.05484324324324324 0.12481481481481481