0 0.2591015625 0.495859375 0.03015625 0.08546875
0 0.306875 0.5206640625 0.0337890625 0.0983203125
5 0.40015625 0.544296875 0.0641015625 0.1318359375
5 0.5715625 0.5362890625 0.0484765625 0.111171875
4 0.789140625 0.6049609375 0.0470703125 0.0876953125
2 0.761796875 0.488046875 0.02453125 0.0790234375
5 0.53640625 0.74484375 0.0562890625 0.1533203125
1 0.4681640625 0.724375 0.0346875 0.1978515625
1 0.4261328125 0.7168359375 0.0562890625 0.1689453125
5 0.30046875 0.682578125 0.0393359375 0.1418359375
4 0.2480859375 0.6201171875 0.0264453125 0.0904296875
1 0.6005078125 0.710859375 0.04203125 0.166171875