5 0.4888671875 0.499765625 0.0484765625 0.1437890625
0 0.3211328125 0.4928515625 0.0530859375 0.1208203125
4 0.2834375 0.4097265625 0.0512890625 0.11078125
4 0.2627734375 0.64421875 0.055859375 0.1156640625
4 0.7833984375 0.6462890625 0.04015625 0.0968359375
4 0.6857421875 0.68421875 0.03328125 0.09453125
1 0.5616796875 0.668125 0.0425 0.1266796875
5 0.471171875 0.680546875 0.054453125 0.1423046875
5 0.66921875 0.53375 0.036953125 0.1198828125
0 0.704140625 0.515390625 0.03328125 0.0831640625
4 0.743203125 0.4811328125 0.0470703125 0.0928125