0 0.2273828125 0.515390625 0.0310546875 0.1198828125
2 0.3939453125 0.53421875 0.047109375 0.13
3 0.5008203125 0.556953125 0.035625 0.1616796875
3 0.559375 0.5226953125 0.0323828125 0.127265625
1 0.6637109375 0.503203125 0.0443359375 0.10015625
0 0.7289453125 0.498359375 0.0277734375 0.1134765625
0 0.7659375 0.5045703125 0.0236328125 0.0937109375
4 0.78203125 0.6325390625 0.0649609375 0.08765625
4 0.2319921875 0.667421875 0.0586328125 0.10234375
0 0.3213671875 0.714296875 0.0305859375 0.08578125
2 0.501953125 0.714296875 0.0333203125 0.1408984375
2 0.622578125 0.684921875 0.031015625 0.093125