4 0.2344921875 0.260625 0.0498828125 0.1480859375
4 0.2037109375 0.606796875 0.05265625 0.16484375
4 0.839921875 0.599921875 0.07046875 0.10515625
4 0.8080078125 0.280625 0.0387890625 0.1007421875
4 0.668984375 0.3941015625 0.022734375 0.1162890625
0 0.7181640625 0.3706640625 0.0383203125 0.1337890625
0 0.7636328125 0.3970703125 0.028203125 0.1103125
1 0.5621484375 0.3587109375 0.03421875 0.165
1 0.4695703125 0.3828125 0.046640625 0.153515625
1 0.4415234375 0.3803125 0.0365234375 0.1438671875
5 0.466796875 0.5698046875 0.066875 0.1506640625
2 0.571796875 0.6398828125 0.0259375 0.175859375
2 0.638671875 0.6391796875 0.0355859375 0.1515234375
2 0.697265625 0.641953125 0.028671875 0.15703125
2 0.7643359375 0.6401171875 0.0341796875 0.1349609375