4 0.2501171875 0.3633203125 0.026015625 0.0823046875
4 0.2230078125 0.6079296875 0.0544921875 0.107421875
0 0.7572265625 0.5900390625 0.052109375 0.062421875
0 0.7372265625 0.315546875 0.0259375 0.078671875
0 0.715859375 0.4287890625 0.02453125 0.0616015625
0 0.6630078125 0.4620703125 0.038359375 0.0684765625
2 0.5803125 0.498125 0.05671875 0.1359765625
3 0.5081640625 0.568203125 0.031953125 0.1795703125
1 0.4509375 0.5847265625 0.032421875 0.194296875
2 0.3990234375 0.518359375 0.0296484375 0.1212890625
2 0.376953125 0.49421875 0.040703125 0.1511328125
0 0.3179296875 0.47265625 0.0375 0.135546875
1 0.621640625 0.7124609375 0.0659375 0.10046875
2 0.47 0.756796875 0.038359375 0.111015625