4 0.2420703125 0.5259375 0.053125 0.09140625
4 0.793984375 0.51078125 0.07046875 0.110703125
0 0.7404296875 0.3465234375 0.0231640625 0.09015625
5 0.5848828125 0.3458203125 0.0291796875 0.1760546875
5 0.43140625 0.3901953125 0.0346875 0.1314453125
1 0.369375 0.364921875 0.048515625 0.1452734375
1 0.29171875 0.3508984375 0.0310546875 0.1034765625
3 0.5021875 0.39546875 0.0291796875 0.1098828125
3 0.5306640625 0.380546875 0.031015625 0.1397265625
5 0.621875 0.5654296875 0.0470703125 0.1262890625
2 0.731015625 0.5289453125 0.045703125 0.0964453125
5 0.45875 0.5856640625 0.038828125 0.159375