0 0.403828125 0.4657421875 0.0347265625 0.1676953125
0 0.2859765625 0.38328125 0.0241796875 0.0901171875
0 0.3146875 0.437265625 0.040234375 0.0923828125
4 0.25703125 0.307265625 0.0453125 0.0915625
4 0.7503125 0.3173828125 0.0658984375 0.1007421875
4 0.800859375 0.560859375 0.05671875 0.0913671875
4 0.2168359375 0.51125 0.055859375 0.1208203125
1 0.4332421875 0.6633203125 0.0383984375 0.10328125
1 0.3174609375 0.633203125 0.0273828125 0.130390625
1 0.681640625 0.62515625 0.052578125 0.1097265625
0 0.7450390625 0.62515625 0.03234375 0.1280859375
2 0.49734375 0.69546875 0.0425 0.1308203125
2 0.635 0.6848828125 0.0282421875 0.082109375
2 0.582578125 0.4853125 0.03375 0.1065625
2 0.4964453125 0.5233984375 0.0223046875 0.1405859375
0 0.6662109375 0.4549609375 0.053984375 0.1231640625
0 0.7333203125 0.422578125 0.04109375 0.0813671875