0 0.22484375 0.4007421875 0.02140625 0.0698828125
1 0.4305078125 0.47515625 0.0218359375 0.1378515625
0 0.4847265625 0.49953125 0.02734375 0.1221875
0 0.525859375 0.49515625 0.0259765625 0.11625
1 0.5508984375 0.483671875 0.031015625 0.12453125
1 0.7264453125 0.4361328125 0.036484375 0.0762890625
0 0.7560546875 0.3915625 0.036015625 0.0698828125
4 0.769609375 0.5847265625 0.0309765625 0.12078125
5 0.560078125 0.655703125 0.045703125 0.11109375
1 0.4328125 0.6508984375 0.024609375 0.1354296875
0 0.3135546875 0.4398046875 0.024140625 0.10203125
0 0.3629296875 0.445078125 0.035625 0.1171875