4 0.8171875 0.6821484375 0.0387890625 0.113359375
4 0.2583984375 0.6931640625 0.079296875 0.11703125
0 0.3167578125 0.41109375 0.039765625 0.122734375
5 0.6556640625 0.4055859375 0.04203125 0.1484375
0 0.7401953125 0.449453125 0.0273046875 0.1305078125
0 0.4084375 0.4205078125 0.062265625 0.136953125
1 0.471171875 0.4322265625 0.054453125 0.1466015625
1 0.536171875 0.4501171875 0.023671875 0.136484375
5 0.606953125 0.4126953125 0.0365234375 0.167265625
5 0.626484375 0.6391796875 0.03421875 0.133125
5 0.451171875 0.6352734375 0.02828125 0.1483203125
4 0.7684765625 0.599453125 0.03328125 0.1133984375