0 0.2393359375 0.360546875 0.0365625 0.0951953125
0 0.288046875 0.4200390625 0.0237109375 0.1268359375
0 0.3291796875 0.41359375 0.055390625 0.1323828125
5 0.38203125 0.405546875 0.0416015625 0.1668359375
3 0.5035546875 0.453359375 0.0411328125 0.152109375
5 0.5809765625 0.4191015625 0.0626953125 0.1617578125
5 0.6666796875 0.418203125 0.0273046875 0.1415625
0 0.7135546875 0.4207421875 0.029140625 0.114453125
1 0.7560546875 0.39453125 0.036015625 0.108046875
4 0.7771875 0.5502734375 0.0415234375 0.1162109375
2 0.38453125 0.6276953125 0.032890625 0.1561328125
2 0.50953125 0.64171875 0.0438671875 0.1427734375
5 0.6014453125 0.6008203125 0.062265625 0.14375
4 0.222109375 0.5167578125 0.034296875 0.1134765625