0 0.7346875 0.39546875 0.053046875 0.1098828125
1 0.7009375 0.425546875 0.0360546875 0.1194921875
3 0.5162109375 0.4391015625 0.03421875 0.1695703125
5 0.6251171875 0.4296875 0.022265625 0.1920703125
0 0.3252734375 0.4161328125 0.0337890625 0.1236328125
0 0.2813671875 0.3708984375 0.033359375 0.11125
0 0.222578125 0.545234375 0.044375 0.1152734375
0 0.789609375 0.571875 0.0571484375 0.131796875
2 0.4723046875 0.64125 0.0337890625 0.1510546875
2 0.58671875 0.6782421875 0.0328515625 0.11015625
0 0.6717578125 0.6308984375 0.0466015625 0.0982421875
0 0.517109375 0.6387109375 0.0360546875 0.1598046875