0 0.2200390625 0.4122265625 0.053125 0.1571875
4 0.7769921875 0.3924609375 0.0456640625 0.145234375
4 0.8031640625 0.6426171875 0.0337109375 0.107890625
5 0.5269921875 0.676640625 0.04203125 0.10234375
3 0.5582421875 0.491953125 0.02734375 0.126328125
3 0.6195703125 0.4790625 0.029609375 0.1483984375
3 0.5106640625 0.522734375 0.0416015625 0.15296875
3 0.465859375 0.50203125 0.039296875 0.1208203125
2 0.3919140625 0.4742578125 0.0291796875 0.0882421875
1 0.3179296875 0.433125 0.0375 0.1116796875
5 0.4353125 0.682109375 0.01953125 0.186875