0 0.7560546875 0.3513671875 0.036015625 0.1135546875
0 0.6937890625 0.3936328125 0.0539453125 0.1062109375
0 0.6317578125 0.4237109375 0.049375 0.1158203125
1 0.5113671875 0.4554296875 0.0659375 0.17
1 0.8298046875 0.545703125 0.08703125 0.1621484375
5 0.3489453125 0.6812109375 0.0489453125 0.2033984375
5 0.53984375 0.656171875 0.049375 0.176328125
4 0.4573828125 0.6738671875 0.0452734375 0.1887109375
3 0.4112109375 0.495390625 0.031015625 0.185625
5 0.3565234375 0.4386328125 0.0411328125 0.1962109375
5 0.3179296875 0.4581640625 0.0375 0.1755078125
0 0.21015625 0.395703125 0.0471484375 0.1425
4 0.1226171875 0.3421484375 0.042109375 0.1503125
0 0.1531640625 0.5578515625 0.0434765625 0.1083984375
0 0.206484375 0.6153125 0.02140625 0.085390625
2 0.264140625 0.6389453125 0.0310546875 0.137265625