4 0.22578125 0.3079296875 0.041640625 0.1416015625
4 0.7873046875 0.2787890625 0.043359375 0.11546875
4 0.8183203125 0.6015234375 0.05484375 0.1496875
5 0.6016796875 0.6462890625 0.076484375 0.1703515625
4 0.447265625 0.67546875 0.0801953125 0.2148828125
4 0.3408984375 0.6646875 0.0466796875 0.1151953125
0 0.2664453125 0.6279296875 0.0632421875 0.096875
0 0.19796875 0.6325390625 0.04578125 0.1244140625
5 0.419921875 0.4083203125 0.0576953125 0.1355859375
5 0.5072265625 0.4375 0.030078125 0.143359375
1 0.55296875 0.4122265625 0.03421875 0.10203125
5 0.6214453125 0.3899609375 0.03328125 0.1172265625