2 0.28484375 0.3201171875 0.04484375 0.124609375
1 0.3826953125 0.353203125 0.047578125 0.1723828125
1 0.47046875 0.3550390625 0.0301171875 0.139296875
3 0.4778125 0.388125 0.063203125 0.076796875
3 0.54078125 0.3919921875 0.014453125 0.171875
5 0.5885546875 0.356875 0.0365234375 0.1797265625
5 0.680234375 0.3759375 0.040625 0.1489453125
5 0.7335546875 0.406484375 0.0553515625 0.1502734375
4 0.81671875 0.59625 0.04703125 0.0794140625
4 0.2090234375 0.5505078125 0.049453125 0.0753125
2 0.3955859375 0.5932421875 0.0181640625 0.169921875
2 0.5223828125 0.5854296875 0.0328515625 0.163515625
1 0.704140625 0.6286328125 0.0590234375 0.1065234375