4 0.8273046875 0.42578125 0.040625 0.07859375
4 0.1841796875 0.4581640625 0.0366015625 0.10203125
4 0.1683203125 0.667890625 0.04625 0.1308203125
4 0.821328125 0.6534375 0.05625 0.07890625
0 0.56328125 0.5314453125 0.0319140625 0.1244921875
0 0.614296875 0.5466015625 0.0328515625 0.1272265625
2 0.685546875 0.514921875 0.037421875 0.1281640625
0 0.73859375 0.5387890625 0.0194921875 0.102421875
0 0.7760546875 0.5259375 0.043828125 0.095078125
5 0.37328125 0.51328125 0.0333203125 0.1755078125
3 0.467265625 0.513984375 0.0328515625 0.126328125
1 0.513203125 0.5243359375 0.0328515625 0.1056640625
1 0.389140625 0.6846484375 0.0420703125 0.1230078125
1 0.590390625 0.6768359375 0.0401953125 0.1349609375