4 0.1726953125 0.4791015625 0.041171875 0.09328125
4 0.8192578125 0.47703125 0.0566796875 0.09375
4 0.827734375 0.6628515625 0.0544140625 0.0858203125
4 0.178671875 0.63734375 0.0439453125 0.129453125
1 0.4222265625 0.6759375 0.0530859375 0.133125
1 0.470703125 0.5353515625 0.0443359375 0.1276953125
1 0.524921875 0.5348828125 0.0241015625 0.117578125
2 0.5929296875 0.5438671875 0.0314453125 0.103359375
2 0.5665234375 0.6968359375 0.0291796875 0.106015625
2 0.6827734375 0.69203125 0.0502734375 0.1009375
2 0.3401953125 0.53328125 0.0223046875 0.1281640625
2 0.319296875 0.5480078125 0.0494140625 0.102421875
3 0.4654296875 0.52203125 0.0291796875 0.1286328125
1 0.4105078125 0.51375 0.0434375 0.148828125