0 0.2673828125 0.4200390625 0.02828125 0.1084765625
5 0.4075 0.410625 0.0604296875 0.1309765625
3 0.48703125 0.4312890625 0.0448046875 0.1263671875
3 0.5306640625 0.432421875 0.0126171875 0.1608203125
5 0.5885546875 0.4005078125 0.0548828125 0.1658984375
5 0.6510546875 0.4087890625 0.0328125 0.1089453125
0 0.720234375 0.4161328125 0.037890625 0.1052734375
0 0.769375 0.3933984375 0.01671875 0.091953125
4 0.8105078125 0.6203515625 0.0300390625 0.14140625
4 0.2586328125 0.5969140625 0.056796875 0.085390625
4 0.412109375 0.5939453125 0.05125 0.139140625
3 0.50953125 0.58015625 0.0255078125 0.148359375
2 0.59453125 0.58015625 0.0392578125 0.16671875
2 0.6561328125 0.602890625 0.03375 0.1248828125
2 0.707578125 0.6083984375 0.02640625 0.154296875