0 0.3018359375 0.3963671875 0.0144921875 0.11171875
0 0.354921875 0.4312890625 0.0333203125 0.1080078125
2 0.4571484375 0.42875 0.0494140625 0.1534765625
3 0.5162109375 0.44046875 0.0526171875 0.144765625
3 0.58671875 0.445078125 0.0328515625 0.1539453125
1 0.6166015625 0.4354296875 0.0282421875 0.1622265625
1 0.7108203125 0.436796875 0.0236328125 0.137421875
1 0.7843359375 0.40671875 0.0419921875 0.1277734375
4 0.8219921875 0.603125 0.043828125 0.139140625
4 0.27703125 0.5969140625 0.056796875 0.085390625
2 0.46703125 0.6334375 0.0186328125 0.1446484375
3 0.53984375 0.6274609375 0.031015625 0.123515625
1 0.635 0.6621484375 0.0282421875 0.1423046875