4 0.1851171875 0.4058203125 0.056796875 0.107578125
4 0.817890625 0.4012109375 0.044765625 0.1167578125
4 0.1724609375 0.66375 0.089453125 0.1097265625
2 0.407734375 0.45703125 0.0379296875 0.104296875
3 0.4821875 0.4811328125 0.039765625 0.1295703125
3 0.54953125 0.5043359375 0.022734375 0.15296875
2 0.630859375 0.4901171875 0.029140625 0.1520703125
2 0.3560546875 0.464140625 0.0494140625 0.104765625
5 0.518046875 0.7354296875 0.0562890625 0.14640625
5 0.425 0.7241796875 0.040234375 0.2019921875
2 0.635 0.7551953125 0.0466015625 0.1399609375
0 0.7264453125 0.7253125 0.036484375 0.1078125
0 0.798359375 0.7156640625 0.028671875 0.097734375