1 0.2609375 0.5045703125 0.0154296875 0.1672265625
5 0.32296875 0.5387890625 0.0383984375 0.1391796875
5 0.39765625 0.536953125 0.054453125 0.1355078125
5 0.4886328125 0.53421875 0.03421875 0.1116015625
5 0.5926953125 0.5360546875 0.053984375 0.1152734375
1 0.73171875 0.4969921875 0.040625 0.1125390625
4 0.7560546875 0.62609375 0.0727734375 0.0931640625
1 0.7206640625 0.6318359375 0.04796875 0.1368359375
5 0.4219921875 0.7161328125 0.0572265625 0.16296875
5 0.3751171875 0.7280859375 0.03703125 0.13171875
1 0.3399609375 0.7048828125 0.0264453125 0.089921875
1 0.2710546875 0.721640625 0.0356640625 0.10046875
1 0.5669921875 0.6887890625 0.039296875 0.158828125
2 0.622578125 0.699375 0.049375 0.1340234375