0 0.2505859375 0.444140625 0.0544921875 0.152109375
0 0.346171875 0.4122265625 0.0434375 0.10203125
2 0.4070703125 0.391796875 0.0503515625 0.15765625
3 0.4886328125 0.4193359375 0.0562890625 0.1539453125
5 0.5352734375 0.3821484375 0.05859375 0.1659375
5 0.6170703125 0.422109375 0.038359375 0.144765625
0 0.652890625 0.4193359375 0.018125 0.1392578125
0 0.7066796875 0.42140625 0.02453125 0.10203125
4 0.2149609375 0.6469921875 0.0705859375 0.1212109375
4 0.3565234375 0.6501953125 0.0411328125 0.1184375
2 0.451640625 0.6352734375 0.038359375 0.2034375
5 0.536171875 0.6455859375 0.0604296875 0.2011328125
5 0.6756640625 0.64171875 0.0314453125 0.1060546875
1 0.7413671875 0.64078125 0.0617578125 0.1593359375