0 0.2669140625 0.464609375 0.0549609375 0.2067578125
5 0.3680078125 0.5360546875 0.0365625 0.15203125
1 0.4605859375 0.5321484375 0.0425 0.1672265625
5 0.5198828125 0.536484375 0.023203125 0.1621484375
5 0.56375 0.5280078125 0.0052734375 0.168125
1 0.6085546875 0.5243359375 0.0443359375 0.16078125
5 0.685078125 0.5268359375 0.045703125 0.133671875
0 0.738828125 0.5282421875 0.03375 0.1088671875
4 0.198671875 0.6915625 0.0517578125 0.127578125
4 0.7999609375 0.6669921875 0.0732421875 0.0922265625
1 0.5977734375 0.7129296875 0.0365234375 0.1289453125
1 0.5538671875 0.7198046875 0.054453125 0.1703125
1 0.4773828125 0.72234375 0.0346875 0.143203125
3 0.3884375 0.7156640625 0.0116796875 0.097734375