4 0.222578125 0.4126953125 0.0627734375 0.14890625
2 0.454375 0.52109375 0.04390625 0.2002734375
3 0.5090625 0.5346484375 0.0337890625 0.195234375
5 0.5729296875 0.55140625 0.023671875 0.20578125
5 0.6205078125 0.5661328125 0.0314453125 0.1800390625
0 0.6712890625 0.5691015625 0.018125 0.163046875
0 0.7248046875 0.5700390625 0.028671875 0.109765625
0 0.7675390625 0.5502734375 0.0314453125 0.171328125
0 0.4415234375 0.7354296875 0.0365234375 0.2015234375
0 0.5662890625 0.75265625 0.0333203125 0.1854296875
0 0.6090234375 0.7434765625 0.01765625 0.1487109375