0 0.2620703125 0.410625 0.0498828125 0.138359375
0 0.3121875 0.464140625 0.0305859375 0.104765625
5 0.40109375 0.4616015625 0.047578125 0.131875
5 0.517109375 0.4823046875 0.0360546875 0.127265625
5 0.6039453125 0.4576953125 0.053515625 0.1654296875
5 0.693359375 0.4859765625 0.0438671875 0.11625
4 0.7703125 0.38078125 0.036953125 0.1172265625
1 0.4608203125 0.472890625 0.02 0.13140625
0 0.372578125 0.64078125 0.0457421875 0.0858203125
2 0.4847265625 0.618984375 0.0494140625 0.11109375
4 0.7994921875 0.6058984375 0.044765625 0.08953125