0 0.2517578125 0.571640625 0.0154296875 0.0991796875
0 0.318359375 0.541328125 0.02921875 0.1120703125
1 0.4378515625 0.545234375 0.0291796875 0.133671875
5 0.602578125 0.506640625 0.0415625 0.13
1 0.6878125 0.5197265625 0.0512109375 0.1516015625
4 0.8119140625 0.738203125 0.07875 0.096796875
4 0.2549609375 0.7554296875 0.049453125 0.080703125
2 0.4969140625 0.709921875 0.0323828125 0.127578125
2 0.6290234375 0.7322265625 0.02546875 0.112421875
0 0.6825390625 0.7228125 0.0360546875 0.0981640625
0 0.742265625 0.7356640625 0.0268359375 0.0871484375
1 0.5548046875 0.5194921875 0.037890625 0.13734375