0 0.18671875 0.62265625 0.04625 0.1184375
1 0.306875 0.6042578125 0.0521875 0.100078125
1 0.435078125 0.5390234375 0.0420703125 0.1166796875
3 0.5083984375 0.534453125 0.0278125 0.125859375
1 0.551796875 0.536484375 0.018125 0.1621484375
0 0.614296875 0.58015625 0.0328515625 0.148359375
0 0.7 0.5971484375 0.0158203125 0.1180078125
0 0.742734375 0.611171875 0.036953125 0.1046875
0 0.7845703125 0.5971484375 0.0378515625 0.0996484375
4 0.7875390625 0.741640625 0.0576171875 0.126640625
2 0.483359375 0.7126953125 0.0374609375 0.1147265625