1 0.2207421875 0.383984375 0.040703125 0.09609375
1 0.2933203125 0.4285546875 0.0572265625 0.120859375
5 0.5047265625 0.4046484375 0.0572265625 0.183359375
5 0.701171875 0.4521875 0.0319140625 0.11765625
1 0.817421875 0.4319921875 0.0346484375 0.0955859375
4 0.2154296875 0.567734375 0.0439453125 0.132734375
2 0.490234375 0.598046875 0.023671875 0.138203125
2 0.4458984375 0.5925390625 0.031484375 0.1271875
2 0.4031640625 0.605859375 0.047109375 0.107890625
2 0.525859375 0.6001171875 0.0259765625 0.1561328125
5 0.6170703125 0.4365625 0.038359375 0.1231640625
5 0.6131640625 0.6037890625 0.0351171875 0.1451171875