4 0.27609375 0.4776953125 0.05125 0.1291015625
1 0.462890625 0.5580859375 0.0342578125 0.148359375
2 0.5890234375 0.553046875 0.0282421875 0.195234375
0 0.66578125 0.5353515625 0.02546875 0.1828125
0 0.76203125 0.5282421875 0.0387890625 0.1272265625
4 0.778828125 0.699609375 0.0493359375 0.1115234375
4 0.2549609375 0.6936328125 0.0678125 0.090390625
5 0.5490625 0.751953125 0.031015625 0.16109375
5 0.4617578125 0.7554296875 0.0401953125 0.15421875
2 0.6317578125 0.737265625 0.0309765625 0.1133203125
0 0.67703125 0.7386328125 0.0433984375 0.088515625
2 0.396953125 0.732890625 0.0301171875 0.1183984375