1 0.2521875 0.4349609375 0.0623046875 0.17046875
1 0.34546875 0.478828125 0.0374609375 0.1525390625
1 0.424296875 0.49515625 0.0526171875 0.1713671875
3 0.490234375 0.4735546875 0.04203125 0.1373828125
3 0.51640625 0.4565625 0.0484765625 0.18609375
5 0.57546875 0.46484375 0.0516796875 0.1842578125
1 0.6669140625 0.46828125 0.059921875 0.158984375
4 0.7971875 0.2973828125 0.0493359375 0.1296875
4 0.8219921875 0.548671875 0.043828125 0.09
4 0.198203125 0.637109375 0.0783984375 0.0968359375
1 0.3680078125 0.629765625 0.0365625 0.1740234375
5 0.439453125 0.6274609375 0.0369921875 0.1602734375