4 0.233125 0.413828125 0.03796875 0.091484375
0 0.32390625 0.5658984375 0.040234375 0.1106640625
1 0.3755859375 0.5355859375 0.02875 0.141953125
3 0.5081640625 0.567265625 0.031953125 0.159375
3 0.5975390625 0.552578125 0.0406640625 0.16671875
0 0.6786328125 0.553515625 0.0328125 0.1501953125
0 0.7259765625 0.555546875 0.0263671875 0.1497265625
0 0.7687109375 0.5698046875 0.029140625 0.0955078125
5 0.5355078125 0.7154296875 0.0360546875 0.120234375
2 0.4217578125 0.745078125 0.024609375 0.119765625
0 0.3514453125 0.751953125 0.040234375 0.1059765625
0 0.253125 0.690625 0.064140625 0.0890234375