4 0.2634765625 0.307265625 0.0618359375 0.09890625
4 0.171328125 0.4781640625 0.02921875 0.1098046875
4 0.731953125 0.3265625 0.0658984375 0.100703125
4 0.8155859375 0.4659765625 0.0493359375 0.1084375
4 0.3992578125 0.6894921875 0.062265625 0.128046875
4 0.63109375 0.6504296875 0.061796875 0.114296875
1 0.5508984375 0.456328125 0.053046875 0.1718359375
1 0.4881640625 0.4551953125 0.024140625 0.15578125
1 0.4056640625 0.44140625 0.0383984375 0.1466015625
0 0.306640625 0.59484375 0.0379296875 0.10421875
0 0.2312890625 0.5594921875 0.034296875 0.079453125