4 0.2547265625 0.463671875 0.0351953125 0.109375
3 0.5276953125 0.5360546875 0.0296484375 0.1152734375
3 0.5235546875 0.6862890625 0.030546875 0.112421875
2 0.3997265625 0.5585546875 0.035625 0.0959765625
2 0.38984375 0.5475390625 0.048046875 0.110703125
2 0.4525390625 0.5282421875 0.0218359375 0.072109375
5 0.6207421875 0.525234375 0.0273046875 0.1075
2 0.7 0.5399609375 0.0158203125 0.136875
4 0.75953125 0.4623046875 0.0475 0.0643359375
2 0.40453125 0.73265625 0.0223046875 0.1408984375
2 0.606015625 0.721640625 0.0162890625 0.1372265625
2 0.6437109375 0.7028125 0.0365234375 0.090390625
0 0.747578125 0.6855859375 0.0236328125 0.106484375