0 0.257265625 0.503203125 0.04484375 0.1369140625
0 0.35765625 0.5236328125 0.0388671875 0.1364453125
2 0.46265625 0.5309765625 0.023671875 0.132734375
3 0.5134375 0.521796875 0.0287109375 0.1327734375
3 0.623046875 0.518125 0.04109375 0.1437890625
0 0.7333203125 0.494921875 0.04109375 0.1019921875
0 0.73125 0.6426171875 0.059921875 0.107890625
2 0.5628515625 0.695 0.0401953125 0.1390625
5 0.4681640625 0.6846875 0.0494140625 0.1633984375
2 0.38984375 0.71453125 0.0296484375 0.1
0 0.3448046875 0.71015625 0.0498828125 0.0866796875
0 0.30734375 0.6933984375 0.04390625 0.09453125
4 0.222578125 0.679140625 0.044375 0.09359375