0 0.2611135371179039 0.5435616438356164 0.026844978165938865 0.09909980430528376
4 0.18530567685589522 0.6596281800391389 0.04262008733624454 0.16596868884540117
4 0.20058951965065502 0.4420547945205479 0.029519650655021833 0.15262230919765166
5 0.3890829694323144 0.5029158512720157 0.04258733624454148 0.16998043052837572
1 0.583264192139738 0.5116046966731899 0.050076419213973794 0.15258317025440313
1 0.6530021834061135 0.5320352250489236 0.04643013100436681 0.14996086105675147
4 0.8116484716157205 0.6507240704500978 0.053198689956331875 0.15250489236790607
4 0.8243886462882096 0.4557534246575342 0.0374235807860262 0.09741682974559687
3 0.46257641921397386 0.5283561643835617 0.02947598253275109 0.1295303326810176
3 0.5214082969432314 0.5131311154598825 0.018558951965065504 0.1252054794520548
1 0.5599781659388647 0.6559491193737769 0.02291484716157205 0.09336594911937378
1 0.4572489082969432 0.6413698630136987 0.03820960698689956 0.1294716242661448
1 0.3871397379912664 0.6735420743639922 0.038711790393013104 0.12422700587084148