5 0.494140625 0.426015625 0.0452734375 0.1847265625
5 0.633828125 0.40625 0.04890625 0.1728125
0 0.6974609375 0.3929296875 0.0429296875 0.1553515625
0 0.743671875 0.3504296875 0.0387890625 0.1301171875
4 0.8298046875 0.538125 0.0502734375 0.133203125
0 0.1963671875 0.630234375 0.03796875 0.1290234375
0 0.13546875 0.560390625 0.03109375 0.062890625
5 0.335390625 0.6729296875 0.035625 0.1501171875
5 0.5490625 0.6784765625 0.049375 0.1427734375
5 0.6563671875 0.6472265625 0.0480078125 0.1170703125
5 0.3358203125 0.4285546875 0.0457421875 0.1576171875
0 0.2365625 0.4340625 0.0678125 0.131875
0 0.170859375 0.3871875 0.0375 0.11171875
4 0.1258203125 0.3396484375 0.057734375 0.1039453125