0 0.3413671875 0.4202734375 0.0383984375 0.14109375
0 0.420390625 0.4087890625 0.0494140625 0.1640625
3 0.493203125 0.4122265625 0.0434375 0.1204296875
3 0.5325 0.40625 0.0162890625 0.1360546875
5 0.579140625 0.39546875 0.022265625 0.165
5 0.6871484375 0.430625 0.045234375 0.1204296875
5 0.7365234375 0.3984375 0.0383203125 0.11125
4 0.7673046875 0.3086328125 0.0539453125 0.1108203125
1 0.728046875 0.5546484375 0.0626953125 0.1111328125
3 0.4989453125 0.59828125 0.031953125 0.1341015625
2 0.409375 0.61875 0.02734375 0.1519921875