0 0.2273828125 0.4669140625 0.0310546875 0.1102734375
1 0.3137890625 0.45609375 0.0383984375 0.120859375
2 0.424765625 0.484375 0.0259765625 0.126796875
3 0.494609375 0.491953125 0.0369921875 0.1373828125
3 0.544921875 0.495390625 0.0319140625 0.1488671875
2 0.5855859375 0.502265625 0.03515625 0.1534375
2 0.6361328125 0.5052734375 0.0259375 0.1364453125
0 0.6857421875 0.510078125 0.03328125 0.141484375
0 0.754921875 0.4926171875 0.0383203125 0.088203125
0 0.808203125 0.4007421875 0.0346484375 0.106640625
4 0.7907421875 0.6437890625 0.0732421875 0.1239453125
1 0.75421875 0.6435546875 0.013984375 0.1464453125
1 0.637265625 0.680078125 0.0236328125 0.1321875
5 0.5508984375 0.6803125 0.0346875 0.1648046875
5 0.478984375 0.69546875 0.024140625 0.1308203125
2 0.392578125 0.68765625 0.016796875 0.1427734375
2 0.3569921875 0.6975390625 0.0144921875 0.1303515625