0 0.2393359375 0.3646875 0.018203125 0.0758984375
0 0.2705859375 0.3741015625 0.0071484375 0.0017578125
0 0.3174609375 0.4202734375 0.0273828125 0.1226953125
5 0.3716796875 0.4244140625 0.0255078125 0.14015625
3 0.4769140625 0.4705859375 0.0245703125 0.136015625
5 0.579140625 0.433828125 0.0406640625 0.11765625
5 0.660703125 0.4276171875 0.0245703125 0.1190234375
0 0.708046875 0.421640625 0.036484375 0.1162890625
1 0.7546875 0.4051171875 0.0241015625 0.1199609375
4 0.7870703125 0.5596875 0.0475 0.1120703125
4 0.2244140625 0.5089453125 0.048046875 0.088671875
5 0.5040234375 0.61875 0.0328515625 0.096875
1 0.5819140625 0.6205859375 0.046171875 0.11890625
2 0.3753515625 0.6384765625 0.032890625 0.1271875
2 0.4580859375 0.64953125 0.0144921875 0.0941015625