4 0.18025519848771268 0.4702181818181818 0.052863894139886576 0.13043636363636363
4 0.1855765595463138 0.6497090909090909 0.04223062381852552 0.13485454545454545
0 0.2705198487712665 0.5556363636363637 0.01787334593572779 0.11947272727272726
4 0.8222211720226843 0.5102 0.03716446124763705 0.17403636363636363
4 0.8055576559546314 0.6667454545454545 0.044017013232514175 0.10076363636363636
4 0.7220415879017013 0.5652 0.016379962192816632 0.05676363636363636
0 0.7717769376181474 0.5615454545454546 0.018979206049149336 0.12219999999999999
5 0.6555293005671077 0.5249636363636364 0.03222117202268431 0.18083636363636363
3 0.5174196597353496 0.5342909090909091 0.032485822306238185 0.12221818181818182
4 0.5818052930056711 0.5347272727272727 0.036020793950850664 0.18674545454545455
5 0.44984877126654066 0.6735636363636364 0.03911153119092628 0.14167272727272728
1 0.47087901701323254 0.6483454545454544 0.029187145557655954 0.14121818181818183
0 0.3376181474480151 0.5240545454545454 0.017863894139886576 0.16083636363636364
5 0.4217296786389414 0.511109090909091 0.04431001890359169 0.13949090909090908