4 0.256328125 0.3506640625 0.0430078125 0.107578125
4 0.73953125 0.3738671875 0.0397265625 0.0942578125
4 0.7604296875 0.6582421875 0.0309765625 0.083984375
4 0.218203125 0.656640625 0.049453125 0.1129296875
4 0.41578125 0.6308984375 0.040234375 0.135
3 0.5178125 0.4776953125 0.023671875 0.0997265625
1 0.485625 0.47953125 0.05125 0.1217578125
1 0.41671875 0.4653125 0.023671875 0.1024609375
0 0.343203125 0.459765625 0.0420703125 0.10984375
0 0.280234375 0.450625 0.0540234375 0.06203125
2 0.6051171875 0.4441796875 0.0328515625 0.1153515625
0 0.668515625 0.456328125 0.049375 0.098359375
0 0.7142578125 0.437734375 0.0351171875 0.0657421875
2 0.5775390625 0.640546875 0.0512109375 0.145078125