0 0.221875 0.31390625 0.0383984375 0.0892578125
0 0.279765625 0.4163671875 0.025546875 0.1194921875
2 0.33171875 0.44625 0.02828125 0.1148828125
3 0.49390625 0.48 0.0494140625 0.131875
3 0.537109375 0.4767578125 0.0255078125 0.1530078125
5 0.57640625 0.4400390625 0.0167578125 0.17140625
2 0.633828125 0.445546875 0.04890625 0.1640625
0 0.7445703125 0.41015625 0.040625 0.1392578125
0 0.7994921875 0.5544140625 0.044765625 0.1152734375
1 0.5922265625 0.67640625 0.0181640625 0.1175
2 0.4263671875 0.65640625 0.015390625 0.1354296875
0 0.34203125 0.657109375 0.062734375 0.159765625
4 0.252890625 0.58265625 0.0498828125 0.15796875