5 0.36984375 0.4843359375 0.040234375 0.181953125
5 0.3987890625 0.5055078125 0.0337890625 0.150703125
3 0.4569140625 0.50203125 0.03515625 0.1208203125
3 0.4959765625 0.5167578125 0.030546875 0.150234375
5 0.600078125 0.5045703125 0.0319140625 0.112109375
5 0.69609375 0.4894140625 0.0309765625 0.1093359375
4 0.735859375 0.390859375 0.0507421875 0.0823046875
4 0.7144921875 0.630234375 0.0273046875 0.1216796875
5 0.6014453125 0.6853515625 0.02546875 0.1105859375
5 0.416015625 0.6777734375 0.047109375 0.12578125
1 0.3530859375 0.6743359375 0.0296484375 0.1253125
2 0.4962109375 0.6851171875 0.02640625 0.133125