4 0.27265625 0.3362109375 0.0618359375 0.0924609375
4 0.2521875 0.667421875 0.04390625 0.10234375
4 0.7880078125 0.6816796875 0.067734375 0.1583984375
0 0.7634375 0.353203125 0.043359375 0.0878125
0 0.7418359375 0.4625390625 0.0534765625 0.096953125
0 0.693359375 0.4776953125 0.0438671875 0.1180859375
1 0.5984375 0.479765625 0.053515625 0.1286328125
3 0.5074609375 0.498359375 0.0259765625 0.1318359375
3 0.5421484375 0.4808984375 0.02640625 0.1337109375
1 0.4621875 0.4882421875 0.031953125 0.1667578125
5 0.5021875 0.6665234375 0.047578125 0.155625
4 0.56375 0.6541015625 0.04203125 0.121640625