4 0.2273828125 0.2863671875 0.049453125 0.0892578125
4 0.7401953125 0.2971484375 0.0456640625 0.078671875
4 0.7880078125 0.540859375 0.0309765625 0.1203515625
1 0.2889453125 0.587734375 0.04390625 0.133125
4 0.1924609375 0.5590234375 0.0715234375 0.0876953125
1 0.4270703125 0.487578125 0.0434375 0.1056640625
2 0.365703125 0.42921875 0.0227734375 0.1268359375
2 0.330078125 0.448984375 0.0388671875 0.10203125
0 0.28 0.44140625 0.0581640625 0.128203125
0 0.2375 0.403046875 0.032890625 0.1020703125
2 0.5655859375 0.421171875 0.045703125 0.1796875
2 0.63796875 0.428984375 0.0480078125 0.1309765625
0 0.6853125 0.4358984375 0.0415625 0.0804296875
0 0.72 0.40375 0.0419921875 0.0896484375
0 0.6876171875 0.5973828125 0.036953125 0.0955078125
0 0.735625 0.5709765625 0.036484375 0.093203125
3 0.475546875 0.6169140625 0.031015625 0.1115625
3 0.5076953125 0.622421875 0.0218359375 0.1409765625
2 0.60765625 0.603125 0.0425 0.12078125
5 0.4251953125 0.6208203125 0.03609375 0.1331640625