5 0.3128515625 0.4278515625 0.0365625 0.1148828125
0 0.2751953125 0.4202734375 0.0310546875 0.07859375
5 0.4298046875 0.4312890625 0.0452734375 0.163125
5 0.560546875 0.4593359375 0.0411328125 0.176875
1 0.6873828125 0.4579296875 0.04109375 0.1061328125
1 0.724609375 0.4512890625 0.0328125 0.112109375
5 0.545390625 0.6665234375 0.04203125 0.1923828125
2 0.4180859375 0.68234375 0.035625 0.164375
2 0.3487109375 0.6589453125 0.0347265625 0.1634375
0 0.2609375 0.625390625 0.033828125 0.1055859375
4 0.221875 0.571640625 0.056796875 0.117578125
5 0.726640625 0.6362109375 0.03234375 0.095