1 0.2358984375 0.534453125 0.0434765625 0.125859375
5 0.3569921875 0.5585546875 0.032890625 0.132734375
1 0.48609375 0.5854296875 0.0245703125 0.1267578125
5 0.598671875 0.5684375 0.05671875 0.1387109375
0 0.6798046875 0.556953125 0.030546875 0.0881640625
0 0.72296875 0.5580859375 0.025 0.085859375
0 0.7767578125 0.541328125 0.0314453125 0.0937109375
4 0.797890625 0.6421875 0.036953125 0.079375
1 0.2347265625 0.6511328125 0.04578125 0.083515625
5 0.3762890625 0.6887890625 0.016328125 0.158828125
5 0.5968359375 0.68421875 0.0346875 0.13859375