0 0.3059765625 0.3759375 0.0503515625 0.1121875
2 0.4654296875 0.4202734375 0.0291796875 0.1226953125
3 0.5159765625 0.422109375 0.038359375 0.1080078125
3 0.5692578125 0.4319921875 0.0162890625 0.13234375
5 0.66875 0.4269140625 0.045234375 0.1314453125
1 0.79421875 0.4009765625 0.029609375 0.1025
4 0.8275390625 0.5626953125 0.0848046875 0.0987109375
4 0.261640625 0.5470703125 0.0398046875 0.063828125
5 0.4688671875 0.6091015625 0.0223046875 0.123515625
2 0.606484375 0.617578125 0.02640625 0.1175390625
2 0.680703125 0.6362109375 0.013984375 0.15015625
2 0.7408984375 0.6251953125 0.03328125 0.091328125