1 0.1885546875 0.411328125 0.049921875 0.1553515625
2 0.3294140625 0.4087890625 0.032890625 0.1089453125
5 0.3992578125 0.390859375 0.04390625 0.1558203125
3 0.497109375 0.4202734375 0.0282421875 0.14109375
3 0.521484375 0.4115234375 0.031015625 0.1512109375
5 0.633828125 0.3476953125 0.030546875 0.1613671875
2 0.58671875 0.359609375 0.0328515625 0.166875
0 0.7615625 0.401875 0.0470703125 0.1668359375
5 0.3831640625 0.62078125 0.039296875 0.169921875
1 0.5812109375 0.605625 0.0401953125 0.1487890625
5 0.635 0.6086328125 0.0466015625 0.15015625
4 0.8390234375 0.6109375 0.0502734375 0.1271875