0 0.1755 0.40198237885462557 0.035691489361702126 0.1555286343612335
0 0.3265531914893617 0.4138766519823789 0.014393617021276594 0.13526431718061674
5 0.3708085106382979 0.3568502202643172 0.02629787234042553 0.14013215859030836
3 0.46984042553191485 0.4048458149779736 0.01372340425531915 0.17444933920704847
3 0.5184574468085107 0.4138766519823789 0.02372340425531915 0.11764317180616739
5 0.5647234042553192 0.3672026431718062 0.04179787234042553 0.16522026431718062
5 0.6185531914893617 0.34165198237885464 0.026042553191489362 0.18462555066079295
5 0.6697234042553191 0.35662995594713653 0.024117021276595745 0.19693832599118943
1 0.7088617021276596 0.402863436123348 0.017308510638297872 0.13966960352422908
1 0.8170425531914893 0.40594713656387665 0.03409574468085106 0.11588105726872247
4 0.18635106382978722 0.600374449339207 0.036117021276595745 0.16024229074889867
1 0.3933617021276596 0.6081057268722466 0.028840425531914893 0.12720264317180616
1 0.4366489361702128 0.6120484581497797 0.0239468085106383 0.196784140969163
3 0.5100531914893617 0.6338546255506607 0.021808510638297873 0.1743171806167401
3 0.5661063829787234 0.6193171806167401 0.04243617021276596 0.22451541850220266
5 0.6150425531914894 0.610726872246696 0.029659574468085106 0.18883259911894273
1 0.6912021276595745 0.5979735682819384 0.028797872340425534 0.11577092511013216
1 0.752904255319149 0.5605286343612335 0.03304255319148936 0.12019823788546255
4 0.8152340425531915 0.6171145374449339 0.04281914893617021 0.1408590308370044