0 0.23796875 0.399140625 0.024609375 0.098828125
0 0.2710546875 0.4698828125 0.0356640625 0.09328125
2 0.4026953125 0.47171875 0.0369921875 0.1520703125
3 0.4886328125 0.4825 0.03421875 0.1598828125
5 0.6005078125 0.47171875 0.04203125 0.17046875
0 0.7245703125 0.51765625 0.0695703125 0.1153125
0 0.6898828125 0.6819140625 0.0507421875 0.135859375
5 0.5178125 0.6766015625 0.0604296875 0.1574609375
5 0.318125 0.6196484375 0.0149609375 0.0987109375
5 0.2634765625 0.621484375 0.0618359375 0.083984375
4 0.2096875 0.62125 0.03703125 0.1065234375