0 0.2319921875 0.4251171875 0.040234375 0.0726171875
0 0.2813671875 0.434296875 0.033359375 0.0542578125
0 0.35859375 0.4391015625 0.040703125 0.0960546875
5 0.42703125 0.415 0.058125 0.144296875
3 0.489296875 0.4248828125 0.0401953125 0.1319140625
3 0.5279296875 0.423046875 0.0438671875 0.1282421875
5 0.5931640625 0.42234375 0.02734375 0.140625
0 0.653828125 0.4273828125 0.038359375 0.1231640625
1 0.69953125 0.441875 0.0424609375 0.1199609375
4 0.22921875 0.6306640625 0.071484375 0.1575
0 0.3625 0.645390625 0.04390625 0.1133984375
1 0.5589453125 0.59484375 0.0369921875 0.1226171875
0 0.66578125 0.6490625 0.0438671875 0.10234375
1 0.7259765625 0.65984375 0.044765625 0.11015625