4 0.2007421875 0.4046484375 0.032890625 0.1282421875
4 0.16765625 0.6545703125 0.0402734375 0.076640625
4 0.8073046875 0.4202734375 0.0328125 0.1043359375
2 0.614765625 0.4808984375 0.0245703125 0.1520703125
3 0.5304296875 0.4708203125 0.046171875 0.1465625
1 0.4070703125 0.4616015625 0.0503515625 0.131875
1 0.3551171875 0.4735546875 0.047578125 0.1190234375
2 0.3330859375 0.486875 0.040234375 0.1180859375
5 0.2776953125 0.48734375 0.044375 0.128203125
5 0.5030859375 0.726484375 0.031015625 0.1606640625
2 0.6166015625 0.7280859375 0.046640625 0.1133203125