5 0.284375 0.4315234375 0.0347265625 0.122265625
0 0.3448046875 0.426953125 0.0498828125 0.113046875
2 0.40359375 0.421875 0.0572265625 0.1305078125
2 0.467265625 0.4241796875 0.0328515625 0.144296875
3 0.52859375 0.4349609375 0.031484375 0.1153515625
5 0.6198046875 0.422109375 0.0438671875 0.144765625
0 0.7186328125 0.44875 0.030078125 0.1429296875
0 0.7726171875 0.44234375 0.0507421875 0.1116796875
4 0.8219921875 0.675234375 0.04015625 0.1051171875
4 0.252421875 0.6904296875 0.080234375 0.093125
2 0.45578125 0.6490625 0.0374609375 0.1575
2 0.5975390625 0.6308984375 0.0406640625 0.153359375
5 0.5350390625 0.61828125 0.0443359375 0.141875
1 0.6271875 0.644453125 0.0401953125 0.14828125