1 0.5715625 0.5544140625 0.030078125 0.15203125
0 0.7372265625 0.564296875 0.044296875 0.1580078125
0 0.7903125 0.560625 0.044765625 0.0955078125
4 0.793984375 0.7409375 0.052109375 0.1390625
4 0.218671875 0.7565625 0.041171875 0.133515625
1 0.5582421875 0.7740234375 0.0608984375 0.2235546875
2 0.4451953125 0.7620703125 0.0255078125 0.126171875
4 0.385 0.560390625 0.0613671875 0.118046875
1 0.485859375 0.5626953125 0.0287109375 0.1134375
0 0.255859375 0.614609375 0.032890625 0.116171875
0 0.3174609375 0.59140625 0.064140625 0.092734375
0 0.3459375 0.7878125 0.02921875 0.1041015625