4 0.2623046875 0.495625 0.0457421875 0.126328125
4 0.7496484375 0.4609375 0.0415625 0.1075390625
4 0.77328125 0.722578125 0.0383203125 0.120703125
4 0.21453125 0.7501171875 0.06046875 0.1206640625
2 0.47140625 0.7620703125 0.031953125 0.126171875
2 0.338125 0.752421875 0.0227734375 0.0976953125
2 0.6600390625 0.7620703125 0.0553515625 0.0710546875
2 0.5858203125 0.591171875 0.0126171875 0.1336328125
3 0.5279296875 0.594140625 0.0255078125 0.135
1 0.4930078125 0.6075 0.0291796875 0.1341015625
0 0.409375 0.5819921875 0.02734375 0.078515625
0 0.3321484375 0.592109375 0.0383984375 0.0803515625
0 0.2940234375 0.576484375 0.0264453125 0.0675