0 0.2521875 0.4923828125 0.04390625 0.18421875
2 0.345703125 0.5208984375 0.0149609375 0.1125390625
1 0.3643359375 0.5038671875 0.02921875 0.1244921875
5 0.432109375 0.5197265625 0.0406640625 0.1516015625
3 0.513203125 0.5231640625 0.0328515625 0.1630859375
1 0.5580078125 0.5151171875 0.03515625 0.1975390625
0 0.6370703125 0.5167578125 0.0277734375 0.1318359375
5 0.672890625 0.51765625 0.0259375 0.1704296875
0 0.761796875 0.49078125 0.02453125 0.1212890625
4 0.8073046875 0.66171875 0.051171875 0.0770703125
4 0.190625 0.692265625 0.0310546875 0.1151953125
5 0.4376171875 0.70328125 0.0333203125 0.155625
1 0.536875 0.718203125 0.0406640625 0.1294140625
2 0.64875 0.733125 0.037421875 0.095859375