1 0.2310546875 0.534453125 0.0383984375 0.14421875
1 0.2944921875 0.530078125 0.0365625 0.1308984375
1 0.2776953125 0.5259375 0.026015625 0.1134765625
1 0.454609375 0.5201953125 0.0213671875 0.1249609375
1 0.49484375 0.53765625 0.0144921875 0.141484375
2 0.521953125 0.514453125 0.022734375 0.1364453125
3 0.5603125 0.499296875 0.030546875 0.1520703125
3 0.6781640625 0.49125 0.022734375 0.135078125
3 0.7211328125 0.507109375 0.021328125 0.103359375
0 0.757890625 0.4891796875 0.0396875 0.1134765625
1 0.7831640625 0.618984375 0.0773828125 0.0780078125
4 0.2080859375 0.6467578125 0.0659765625 0.106953125
1 0.4307421875 0.7251171875 0.02875 0.09359375
2 0.491171875 0.7253125 0.0255078125 0.089453125
2 0.610625 0.6784765625 0.02546875 0.106015625
2 0.5380078125 0.6980078125 0.02734375 0.1220703125
2 0.389375 0.5387890625 0.0379296875 0.1208203125