4 0.2393359375 0.2973828125 0.0365625 0.1296875
4 0.805703125 0.303125 0.043359375 0.118203125
4 0.2002734375 0.594140625 0.041171875 0.1533984375
2 0.4580859375 0.5923046875 0.0328515625 0.20484375
2 0.467265625 0.376171875 0.0328515625 0.1631640625
1 0.41921875 0.3959375 0.0333203125 0.138359375
3 0.494140625 0.36328125 0.026875 0.17421875
3 0.528359375 0.395703125 0.035625 0.17921875
5 0.56375 0.3559375 0.023671875 0.177890625
0 0.322734375 0.4014453125 0.0388671875 0.1126171875
0 0.2735546875 0.39109375 0.0305859375 0.129609375
4 0.8256640625 0.6042578125 0.0695703125 0.1368359375