5 0.6131640625 0.4239453125 0.0351171875 0.166796875
0 0.738359375 0.44921875 0.0236328125 0.11625
1 0.7023046875 0.4632421875 0.029609375 0.1029296875
4 0.8256640625 0.4232421875 0.051171875 0.1424609375
4 0.8256640625 0.57234375 0.0695703125 0.10515625
4 0.22140625 0.58359375 0.0466796875 0.1414453125
5 0.49 0.4209375 0.0278125 0.1654296875
5 0.60765625 0.594140625 0.0241015625 0.135
2 0.4849609375 0.6155078125 0.026875 0.1363671875
2 0.43875 0.62515625 0.01265625 0.1280859375
2 0.4151171875 0.6159765625 0.015859375 0.1097265625
1 0.447734375 0.4351953125 0.03515625 0.129609375
0 0.319296875 0.4542578125 0.0494140625 0.1171875
0 0.276796875 0.4251171875 0.0241796875 0.109375
0 0.2283203125 0.3959375 0.032890625 0.083203125