4 0.23359375 0.4312890625 0.0296875 0.1263671875
0 0.844765625 0.2898046875 0.020390625 0.1375
4 0.829140625 0.4510546875 0.0810546875 0.1015625
1 0.77078125 0.4825390625 0.0470703125 0.0863671875
5 0.60375 0.5204296875 0.05765625 0.1391796875
1 0.646484375 0.3001171875 0.04203125 0.171953125
1 0.594296875 0.3044921875 0.0433984375 0.1852734375
5 0.5416796875 0.2796875 0.0530859375 0.172421875
3 0.51296875 0.2753125 0.0369921875 0.1591015625
1 0.451171875 0.2675 0.046640625 0.1894140625
2 0.372578125 0.2619921875 0.02734375 0.1048828125
0 0.2946875 0.2695703125 0.0508203125 0.11546875