0 0.2253125 0.4126953125 0.013125 0.1121484375
0 0.3018359375 0.476796875 0.032890625 0.0794921875
5 0.3785546875 0.4437109375 0.0301171875 0.17875
2 0.4930078125 0.4781640625 0.0291796875 0.1833203125
5 0.552734375 0.4891796875 0.038359375 0.16859375
5 0.6166015625 0.468046875 0.0282421875 0.181484375
0 0.7330859375 0.4409375 0.045234375 0.118125
0 0.7009375 0.510546875 0.0360546875 0.096484375
0 0.75953125 0.648828125 0.029140625 0.106484375
5 0.4810546875 0.634140625 0.023671875 0.168984375
2 0.3413671875 0.6550390625 0.02 0.141875
4 0.19359375 0.621953125 0.0508203125 0.0941015625