0 0.2540234375 0.2875 0.02921875 0.086953125
0 0.2751953125 0.39546875 0.0163671875 0.091484375
0 0.311015625 0.428984375 0.0144921875 0.1126171875
2 0.3503125 0.4354296875 0.00578125 0.12546875
2 0.409375 0.4627734375 0.02734375 0.14796875
2 0.431171875 0.488046875 0.02046875 0.1525390625
2 0.5159765625 0.4976953125 0.038359375 0.1442578125
3 0.572265625 0.49078125 0.0360546875 0.1212890625
3 0.6827734375 0.4735546875 0.013515625 0.1373828125
0 0.7452734375 0.42671875 0.0466015625 0.098828125
0 0.7408984375 0.306328125 0.03328125 0.1154296875
4 0.8114453125 0.5592578125 0.0502734375 0.1203125
4 0.21453125 0.5215625 0.042109375 0.118515625
1 0.318828125 0.6396484375 0.031953125 0.161640625
1 0.4475 0.6998046875 0.039296875 0.1625
0 0.548828125 0.7271484375 0.0167578125 0.1298828125
2 0.646484375 0.6926953125 0.04203125 0.1069140625
1 0.6866796875 0.638046875 0.053515625 0.1354296875
0 0.7294140625 0.614140625 0.037890625 0.1244140625