0 0.241875 0.3274609375 0.0462109375 0.1209375
0 0.346640625 0.4076171875 0.0351953125 0.1480078125
5 0.4100390625 0.3770703125 0.0333203125 0.146640625
5 0.552734375 0.39890625 0.038359375 0.1580859375
1 0.598671875 0.399609375 0.038359375 0.1640625
1 0.6340625 0.37546875 0.02640625 0.1571875
0 0.676796875 0.39453125 0.029140625 0.0896484375
1 0.738359375 0.395 0.0236328125 0.118125
4 0.816484375 0.626796875 0.0328125 0.099140625
4 0.203046875 0.6205859375 0.065078125 0.1373046875
5 0.3971875 0.6621484375 0.044375 0.1790625
4 0.5655859375 0.6536328125 0.045703125 0.1666796875
4 0.645546875 0.6191796875 0.0401953125 0.1253515625