1 0.3571875 0.533515625 0.02875 0.1056640625
1 0.4757421875 0.540859375 0.026875 0.1387109375
1 0.5899609375 0.52984375 0.030078125 0.1166796875
0 0.7252734375 0.49171875 0.0204296875 0.104765625
0 0.7362890625 0.672734375 0.0241015625 0.099140625
1 0.5504296875 0.67203125 0.035625 0.1041796875
2 0.44796875 0.703515625 0.031015625 0.1330859375
0 0.3397265625 0.7173046875 0.048984375 0.105546875
4 0.221875 0.68328125 0.056796875 0.129453125
1 0.271484375 0.525703125 0.0273828125 0.1359765625
0 0.675859375 0.669765625 0.05671875 0.119765625