0 0.2742578125 0.4296875 0.01453125 0.1553125
0 0.31953125 0.4278515625 0.0269140625 0.151640625
2 0.4058984375 0.4156640625 0.0526171875 0.168671875
2 0.4608203125 0.4126953125 0.0567578125 0.167265625
2 0.5343359375 0.4205078125 0.02 0.1553515625
5 0.6237109375 0.3956640625 0.0287109375 0.1976171875
5 0.6662109375 0.4000390625 0.0355859375 0.137421875
0 0.7401953125 0.445078125 0.0273046875 0.190703125
0 0.7687109375 0.4232421875 0.029140625 0.1241015625
4 0.8141796875 0.6697265625 0.05578125 0.1161328125
4 0.253125 0.688125 0.04578125 0.1344921875
2 0.4385546875 0.6437890625 0.03515625 0.160703125
5 0.5603125 0.6313671875 0.0489453125 0.1634765625