0 0.3551171875 0.3428515625 0.02921875 0.11953125
5 0.487265625 0.352265625 0.0223046875 0.1521484375
5 0.64921875 0.4046484375 0.029140625 0.1466015625
0 0.7457421875 0.4090234375 0.0383203125 0.1048046875
4 0.7831640625 0.5123828125 0.044296875 0.0817578125
5 0.4842578125 0.5429296875 0.0208984375 0.156640625
1 0.6976953125 0.5528125 0.0571875 0.12953125
1 0.45875 0.357109375 0.02046875 0.1020703125
3 0.5715625 0.3768359375 0.01171875 0.169140625
3 0.5855859375 0.3887890625 0.0167578125 0.137890625
2 0.5984375 0.5626953125 0.0241015625 0.131796875