0 0.27773504273504274 0.5434189406099519 0.02506837606837607 0.12743178170144462
0 0.3268119658119658 0.5468539325842696 0.02065811965811966 0.17556982343499197
5 0.3766239316239316 0.5312680577849117 0.03237606837606838 0.16272873194221507
1 0.4712478632478633 0.5218619582664527 0.028692307692307694 0.18520064205457462
1 0.5543931623931624 0.5120064205457464 0.026487179487179487 0.17924558587479936
5 0.618974358974359 0.520032102728732 0.036 0.1815409309791332
0 0.6932051282051281 0.5179775280898876 0.018401709401709404 0.1453290529695024
0 0.7284871794871796 0.49963081861958264 0.027923076923076925 0.1269983948635634
1 0.7703675213675214 0.4964365971107544 0.03597435897435898 0.11141252006420545
4 0.21241880341880343 0.6779775280898876 0.028735042735042734 0.18097913322632425
4 0.2693076923076923 0.6903531300160514 0.01847008547008547 0.1892295345104334
5 0.4622136752136752 0.7297752808988763 0.02528205128205128 0.16536115569823434
5 0.5608632478632479 0.7210754414125201 0.03698290598290598 0.17545746388443018
5 0.6341111111111111 0.7320706260032103 0.027205128205128205 0.1974478330658106
1 0.7334957264957266 0.6889887640449438 0.04525641025641026 0.07460674157303371
4 0.7906324786324787 0.6692616372391653 0.022786324786324787 0.13605136436597112