5 0.400859375 0.44828125 0.05171875 0.151171875
2 0.3716796875 0.667890625 0.040234375 0.0757421875
2 0.634296875 0.622421875 0.0406640625 0.0858203125
5 0.5472265625 0.4609375 0.02734375 0.144296875
2 0.3169921875 0.46 0.0540234375 0.105703125
0 0.2453125 0.45609375 0.0393359375 0.0841015625
0 0.24875 0.6323046875 0.032421875 0.091796875
0 0.29515625 0.6272265625 0.024140625 0.1092578125
0 0.793046875 0.4280859375 0.031875 0.0740234375
0 0.7062109375 0.4575 0.02546875 0.0887109375
0 0.6244140625 0.460703125 0.0346875 0.1300390625
2 0.5848828125 0.4620703125 0.0291796875 0.105234375