4 0.264140625 0.3855859375 0.0678125 0.0855078125
4 0.7491796875 0.3676953125 0.0461328125 0.095625
4 0.7523828125 0.6203515625 0.0470703125 0.0862890625
0 0.6901171875 0.4855078125 0.0466015625 0.1061328125
1 0.5706640625 0.453359375 0.046640625 0.1337109375
5 0.43234375 0.4496875 0.054921875 0.089609375
2 0.41578125 0.6017578125 0.0218359375 0.108828125
1 0.34640625 0.5873046875 0.04296875 0.0899609375
4 0.2708203125 0.5824609375 0.0581640625 0.1069921875
3 0.494375 0.580625 0.022734375 0.1216796875
3 0.5150390625 0.436796875 0.0365234375 0.137421875