5 0.4373828125 0.4028125 0.0374609375 0.161328125
5 0.4718359375 0.4496875 0.023671875 0.163125
2 0.5086328125 0.4184375 0.023671875 0.1925390625
2 0.5646875 0.44046875 0.0255078125 0.1815234375
1 0.438984375 0.6577734375 0.026875 0.1473828125
2 0.3555859375 0.621484375 0.0209375 0.1207421875
0 0.3091796875 0.41453125 0.02921875 0.0790625
4 0.24875 0.329765625 0.0508203125 0.116328125
4 0.2080859375 0.5055078125 0.0476171875 0.095546875
4 0.7723828125 0.491015625 0.0548828125 0.0987890625
4 0.7301171875 0.2909375 0.043828125 0.0984375
2 0.5782421875 0.65203125 0.0204296875 0.10375