0 0.225078125 0.387421875 0.017265625 0.0891796875
0 0.3055078125 0.6474609375 0.040234375 0.1129296875
0 0.2409375 0.618046875 0.026015625 0.0908984375
2 0.3328515625 0.4158984375 0.0259765625 0.1277734375
2 0.403828125 0.4312890625 0.0347265625 0.1263671875
3 0.483125 0.4772265625 0.026875 0.1263671875
3 0.521484375 0.464140625 0.031015625 0.1415234375
3 0.57109375 0.490546875 0.0199609375 0.10703125
2 0.6170703125 0.46390625 0.0199609375 0.127265625
2 0.6740234375 0.4657421875 0.0236328125 0.112578125
0 0.72734375 0.457734375 0.0199609375 0.073515625
0 0.7659375 0.4212109375 0.0419921875 0.0878125
0 0.71171875 0.6589453125 0.02546875 0.0899609375
1 0.6161328125 0.675234375 0.018125 0.1455078125
1 0.5543359375 0.683984375 0.0277734375 0.1721484375
2 0.4240625 0.6855859375 0.0383984375 0.1616015625