0 0.0959765625 0.413828125 0.0439453125 0.091484375
0 0.15546875 0.4747265625 0.0388671875 0.0799609375
0 0.2322265625 0.491953125 0.0361328125 0.0822265625
2 0.291015625 0.4664453125 0.025078125 0.1185546875
2 0.3415625 0.4937890625 0.0342578125 0.104296875
2 0.3797265625 0.4901171875 0.0278125 0.1337109375
5 0.4405859375 0.4862109375 0.0346875 0.13046875
3 0.4959765625 0.51171875 0.0121875 0.0941796875
3 0.5348046875 0.506640625 0.030078125 0.13
2 0.598671875 0.5004296875 0.038359375 0.13140625
2 0.665546875 0.494453125 0.029609375 0.1286328125
2 0.7404296875 0.4827734375 0.0231640625 0.100625
0 0.816484375 0.4659765625 0.0328125 0.1084375
0 0.874375 0.461640625 0.0383203125 0.0951171875
0 0.93734375 0.4209765625 0.063125 0.0735546875
0 0.9320703125 0.5953125 0.0479296875 0.1143359375
0 0.8810546875 0.6591796875 0.04703125 0.1041796875
0 0.7797265625 0.656875 0.051171875 0.07203125
0 0.69703125 0.6628515625 0.0512109375 0.074765625
0 0.626015625 0.6713671875 0.0241015625 0.0871875
5 0.5203125 0.69546875 0.0516796875 0.0940625
2 0.44015625 0.699609375 0.04296875 0.093125
1 0.343203125 0.683515625 0.0420703125 0.0885546875
0 0.2581640625 0.6628515625 0.02828125 0.05640625
4 0.1844140625 0.638984375 0.0508203125 0.045390625