0 0.1802734375 0.5397265625 0.033359375 0.1042578125
2 0.5933984375 0.5709765625 0.023203125 0.1299609375
2 0.662109375 0.563828125 0.018125 0.12953125
0 0.7018359375 0.565703125 0.037890625 0.078046875
0 0.8026953125 0.5401953125 0.0236328125 0.0592578125
3 0.5189453125 0.6065625 0.0213671875 0.0955078125
3 0.4842578125 0.587265625 0.0208984375 0.093671875
3 0.427734375 0.61046875 0.0457421875 0.0803125
2 0.3900390625 0.596015625 0.04390625 0.1203125
0 0.349609375 0.5966796875 0.0365625 0.107890625
4 0.4865625 0.715 0.016328125 0.1101171875
0 0.603515625 0.7016796875 0.0433984375 0.09265625
0 0.652890625 0.70625 0.0365234375 0.0834765625
2 0.33765625 0.6975390625 0.0310546875 0.09359375