0 0.2809375 0.5048046875 0.041640625 0.0895703125
1 0.4681640625 0.506171875 0.0346875 0.119921875
5 0.580546875 0.521328125 0.03421875 0.1594140625
1 0.6395703125 0.5121484375 0.0190625 0.104296875
0 0.75953125 0.491015625 0.029140625 0.06203125
4 0.7659375 0.6242578125 0.0419921875 0.0711328125
1 0.35421875 0.7083203125 0.0457421875 0.0646484375
1 0.4268359375 0.7009765625 0.0255078125 0.1455078125
5 0.5708984375 0.7005078125 0.0241015625 0.13171875
1 0.70484375 0.656640625 0.0319140625 0.0725
2 0.6598046875 0.679609375 0.022734375 0.1037109375