1 0.4810546875 0.5084765625 0.023671875 0.133671875
5 0.5355078125 0.526171875 0.0176953125 0.1276953125
2 0.5812109375 0.5241015625 0.021796875 0.1465234375
2 0.6446484375 0.5241015625 0.0199609375 0.164921875
1 0.6783984375 0.53375 0.01859375 0.13828125
0 0.7223046875 0.5346875 0.037421875 0.103359375
1 0.7059765625 0.656875 0.036953125 0.1087890625
5 0.497578125 0.64421875 0.02 0.1156640625
1 0.356953125 0.6499609375 0.05125 0.1409375
1 0.3055078125 0.6306640625 0.0586328125 0.1391015625
0 0.308046875 0.476328125 0.0315234375 0.1061328125
0 0.3523828125 0.4820703125 0.0420703125 0.0946484375