0 0.209453125 0.361484375 0.0228125 0.115390625
5 0.380859375 0.3787109375 0.04390625 0.1360546875
1 0.4553125 0.3970703125 0.0457421875 0.11765625
3 0.4964453125 0.36859375 0.0223046875 0.115859375
3 0.5279296875 0.3725 0.0255078125 0.100703125
5 0.60625 0.3357421875 0.030546875 0.155859375
3 0.6630078125 0.3476953125 0.0199609375 0.1613671875
1 0.798125 0.3325390625 0.0328125 0.140234375
5 0.5970703125 0.5194921875 0.030546875 0.118984375
5 0.567421875 0.351796875 0.031015625 0.1604296875
1 0.4644921875 0.5433984375 0.02734375 0.13
2 0.30734375 0.3759375 0.025546875 0.130546875
1 0.2512890625 0.35734375 0.0237109375 0.116328125
1 0.3990234375 0.5466015625 0.0296484375 0.1272265625