1 0.2542578125 0.3929296875 0.0434765625 0.100234375
1 0.29125 0.4315234375 0.0393359375 0.122265625
5 0.43578125 0.5038671875 0.048046875 0.142890625
3 0.505390625 0.51375 0.02640625 0.13046875
3 0.5616796875 0.5259375 0.0241015625 0.1318359375
5 0.6283203125 0.50546875 0.037890625 0.1690625
1 0.68046875 0.54015625 0.018125 0.1511328125
1 0.7884765625 0.583125 0.037421875 0.138671875
4 0.2712890625 0.560625 0.0315234375 0.11390625
3 0.51296875 0.64953125 0.01859375 0.1308203125
1 0.5823828125 0.6504296875 0.01953125 0.114296875
1 0.599375 0.6582421875 0.0259375 0.1207421875
1 0.4458984375 0.6311328125 0.031484375 0.130859375
1 0.3866015625 0.4703515625 0.032421875 0.1033984375