1 0.6251171875 0.3058984375 0.022265625 0.1053125
5 0.661640625 0.3240234375 0.02640625 0.18296875
3 0.5577734375 0.33046875 0.039296875 0.1223046875
5 0.502421875 0.3462890625 0.0434375 0.11265625
5 0.4328125 0.348125 0.02828125 0.1346875
2 0.393046875 0.3283984375 0.0269140625 0.086015625
0 0.3218359375 0.333671875 0.040703125 0.101171875
0 0.271484375 0.3481640625 0.0273828125 0.0795703125
4 0.2351953125 0.5351171875 0.0375 0.095078125
4 0.859453125 0.5358203125 0.0681640625 0.08265625
1 0.657265625 0.522265625 0.04984375 0.1244921875
1 0.5230859375 0.544296875 0.038828125 0.1501953125
1 0.4923046875 0.557421875 0.0416015625 0.1350390625
1 0.3760546875 0.5819921875 0.0572265625 0.15203125
2 0.591328125 0.5236328125 0.0236328125 0.1364453125