0 0.303671875 0.586796875 0.0365625 0.1203125
5 0.3771875 0.5654296875 0.0365625 0.1189453125
5 0.537109375 0.736328125 0.0401953125 0.1555859375
5 0.4566796875 0.741640625 0.0576953125 0.1450390625
5 0.342265625 0.7671484375 0.0843359375 0.1270703125
4 0.79421875 0.7347265625 0.04796875 0.103671875
4 0.7921484375 0.556484375 0.0300390625 0.0964453125
0 0.7448046875 0.568203125 0.018125 0.0693359375
0 0.684609375 0.56453125 0.0355859375 0.09875
1 0.6115625 0.56453125 0.0273046875 0.09875
5 0.4415234375 0.540859375 0.0365234375 0.157109375
1 0.5159765625 0.5636328125 0.02 0.0969140625
0 0.2232421875 0.6171484375 0.0319921875 0.0890625