2 0.34203125 0.4080859375 0.0259765625 0.1397265625
2 0.44796875 0.38328125 0.031015625 0.145234375
3 0.5389453125 0.4076171875 0.0291796875 0.1480078125
2 0.576640625 0.413828125 0.031015625 0.1466015625
0 0.642578125 0.3970703125 0.0387890625 0.11765625
1 0.7528515625 0.3759375 0.0387890625 0.1121875
4 0.7574609375 0.5640625 0.029609375 0.125390625
1 0.3103125 0.6076953125 0.0269140625 0.1299609375
5 0.5580078125 0.584296875 0.03515625 0.147421875
4 0.2237109375 0.579921875 0.042109375 0.1341015625
0 0.3013671875 0.4080859375 0.0227734375 0.10296875