1 0.7680078125 0.6437890625 0.0415234375 0.0871875
2 0.614296875 0.6938671875 0.0328515625 0.104609375
3 0.4966796875 0.7207421875 0.0365234375 0.135390625
3 0.4957421875 0.5475390625 0.016328125 0.1474609375
0 0.56375 0.510546875 0.023671875 0.11484375
0 0.669453125 0.52984375 0.0328125 0.1166796875
0 0.7190625 0.518828125 0.021796875 0.1130078125
0 0.766875 0.5103125 0.02546875 0.100625
2 0.3433984375 0.5358203125 0.0379296875 0.1010546875
2 0.2705859375 0.5287109375 0.040234375 0.1152734375
4 0.2126953125 0.6501953125 0.056796875 0.1000390625
4 0.3944140625 0.7462109375 0.024140625 0.1248046875
5 0.4353125 0.72921875 0.01953125 0.111015625
2 0.3641015625 0.7271484375 0.0149609375 0.111484375
0 0.3287109375 0.714765625 0.0452734375 0.0958984375
1 0.4396875 0.530078125 0.0328515625 0.149296875