4 0.7572265625 0.3738671875 0.03375 0.0942578125
4 0.7712109375 0.606796875 0.0571484375 0.0913671875
4 0.2273828125 0.6079296875 0.049453125 0.1258203125
0 0.253125 0.3109375 0.04578125 0.0878515625
0 0.280703125 0.4212109375 0.0457421875 0.0878125
1 0.3303125 0.40328125 0.016328125 0.1162890625
5 0.436015625 0.402109375 0.04390625 0.1553515625
5 0.5081640625 0.460703125 0.0135546875 0.1116796875
1 0.5334375 0.4542578125 0.0181640625 0.135546875
5 0.56078125 0.42671875 0.022265625 0.1355859375
5 0.6044140625 0.421171875 0.026875 0.1429296875
5 0.6742578125 0.44875 0.037890625 0.106171875
2 0.5807421875 0.6113671875 0.030078125 0.1373046875
5 0.4675 0.588203125 0.0287109375 0.150625
5 0.440625 0.6040234375 0.016328125 0.1226171875