4 0.2983984375 0.468984375 0.0581640625 0.0914453125
4 0.2540234375 0.6628515625 0.0476171875 0.1115234375
4 0.82015625 0.5939453125 0.04015625 0.1023828125
0 0.753984375 0.4588671875 0.0548828125 0.07125
5 0.665546875 0.4551953125 0.029609375 0.1373828125
1 0.579375 0.4632421875 0.0365234375 0.121328125
3 0.540546875 0.46140625 0.0369921875 0.136015625
5 0.45921875 0.4358984375 0.030546875 0.1355859375
2 0.3980859375 0.4540234375 0.0278125 0.121328125
1 0.4888671875 0.6545703125 0.0301171875 0.1317578125
1 0.7216015625 0.6288671875 0.0314453125 0.0987109375
2 0.4447265625 0.6458203125 0.0337890625 0.160234375
2 0.3790234375 0.652734375 0.0218359375 0.1096875