0 0.3201953125 0.433125 0.032890625 0.1116796875
4 0.2496875 0.5346875 0.05265625 0.103359375
5 0.415546875 0.66859375 0.0259765625 0.1551953125
5 0.6170703125 0.47265625 0.038359375 0.15390625
3 0.7016015625 0.4698828125 0.0236328125 0.1483984375
3 0.55546875 0.5500390625 0.0255078125 0.1387109375
3 0.524921875 0.54453125 0.0241015625 0.1276953125
0 0.4644921875 0.5392578125 0.02734375 0.149296875
5 0.648984375 0.6472265625 0.03328125 0.1170703125
4 0.7220703125 0.630234375 0.0415625 0.1290234375
4 0.7884765625 0.541328125 0.04109375 0.0937109375