1 0.6363671875 0.57875 0.0401953125 0.13640625
0 0.770078125 0.33828125 0.0226953125 0.0919921875
0 0.7259765625 0.3286328125 0.0263671875 0.081875
1 0.6133984375 0.307265625 0.031015625 0.1723828125
1 0.5777734375 0.2796875 0.0287109375 0.1173046875
5 0.55640625 0.3044921875 0.045703125 0.148515625
3 0.5040234375 0.306328125 0.0328515625 0.0970703125
3 0.46703125 0.3044921875 0.0186328125 0.0933984375
1 0.4562109375 0.29578125 0.0291796875 0.1586328125
2 0.4024609375 0.3221875 0.0227734375 0.1425390625
2 0.271484375 0.3582421875 0.064140625 0.1181640625
5 0.440390625 0.57921875 0.03515625 0.131796875
2 0.5533984375 0.5734765625 0.0443359375 0.1580078125
2 0.5178125 0.576015625 0.023671875 0.1308984375