2 0.20921875 0.388125 0.0453125 0.1503125
1 0.4495703125 0.48390625 0.038828125 0.1718359375
5 0.5738671875 0.487109375 0.0255078125 0.2058203125
3 0.5272265625 0.511015625 0.037890625 0.16171875
2 0.610859375 0.4746875 0.0397265625 0.1718359375
2 0.669453125 0.4542578125 0.0328125 0.1539453125
0 0.7098828125 0.4501171875 0.04015625 0.136484375
0 0.75953125 0.4122265625 0.029140625 0.1204296875
0 0.7962890625 0.410625 0.029140625 0.09421875
0 0.728046875 0.6075 0.044296875 0.09734375
2 0.5773046875 0.6871875 0.0369921875 0.1142578125
1 0.5499609375 0.672734375 0.0328515625 0.1175
2 0.4378515625 0.7051171875 0.0291796875 0.159296875
5 0.396484375 0.6968359375 0.0383984375 0.124375
4 0.19546875 0.59234375 0.0544921875 0.11296875
0 0.2979296875 0.437265625 0.048046875 0.0923828125
1 0.3787890625 0.456328125 0.044375 0.135078125