5 0.41625 0.3915625 0.031953125 0.161796875
3 0.489765625 0.4000390625 0.031953125 0.137421875
3 0.528828125 0.390625 0.02734375 0.1415625
5 0.5738671875 0.3807421875 0.0255078125 0.153984375
5 0.6391015625 0.3963671875 0.0273046875 0.130078125
0 0.6864453125 0.411328125 0.020859375 0.1001953125
0 0.7404296875 0.40375 0.0415625 0.1080078125
4 0.762265625 0.3171484375 0.07140625 0.068125
4 0.712421875 0.5507421875 0.0314453125 0.1079296875
5 0.5901953125 0.5815234375 0.0259375 0.1419140625
2 0.536171875 0.57625 0.023671875 0.163515625
2 0.4146484375 0.6042578125 0.024140625 0.17359375
2 0.36984375 0.607265625 0.0218359375 0.11984375
0 0.295625 0.4476171875 0.0158984375 0.1084375
0 0.2510546875 0.42671875 0.0278515625 0.098828125
0 0.213828125 0.410625 0.0361328125 0.1126171875