2 0.4109765625 0.5199609375 0.03515625 0.1474609375
5 0.450703125 0.729921875 0.0365234375 0.135390625
3 0.50265625 0.701875 0.0208984375 0.143671875
0 0.3450390625 0.7375 0.0273828125 0.1091796875
0 0.2609375 0.7117578125 0.0521875 0.112890625
4 0.206015625 0.702109375 0.0480859375 0.121171875
0 0.2430078125 0.5190625 0.0439453125 0.0905078125
2 0.3358203125 0.51515625 0.0273828125 0.1056640625
5 0.4562109375 0.5084765625 0.0291796875 0.1704296875
0 0.6046484375 0.5470703125 0.022734375 0.13734375
0 0.6653125 0.526171875 0.052109375 0.14609375
0 0.704375 0.5387890625 0.029140625 0.102421875
0 0.76203125 0.526875 0.0571484375 0.0785546875
4 0.8116796875 0.680546875 0.0387890625 0.0871875