5 0.5725 0.39890625 0.0319140625 0.1580859375
3 0.5348046875 0.4322265625 0.030078125 0.10984375
3 0.4920703125 0.4361328125 0.0457421875 0.113046875
5 0.4415234375 0.4202734375 0.0365234375 0.1043359375
1 0.4024609375 0.413828125 0.0411328125 0.1282421875
4 0.225546875 0.5583203125 0.064140625 0.1001171875
4 0.80890625 0.5482421875 0.058984375 0.09828125
1 0.7948828125 0.39109375 0.035546875 0.114921875
5 0.60765625 0.6003515625 0.0425 0.1519921875
5 0.5787109375 0.61046875 0.030546875 0.1170703125
3 0.5184765625 0.645625 0.0296484375 0.1092578125
3 0.4330078125 0.6196484375 0.024140625 0.13546875