0 0.1897265625 0.4363671875 0.02921875 0.0721875
2 0.2383984375 0.436796875 0.053125 0.1006640625
1 0.3992578125 0.429453125 0.0623046875 0.1190625
3 0.4649609375 0.41890625 0.0374609375 0.129140625
5 0.5901953125 0.41546875 0.0259375 0.11765625
1 0.623515625 0.4503515625 0.02546875 0.1066015625
0 0.7859375 0.453828125 0.0424609375 0.1217578125
3 0.5148046875 0.6276953125 0.022265625 0.1009765625
3 0.544921875 0.6426171875 0.0319140625 0.107890625
3 0.482421875 0.614609375 0.035625 0.0794140625
5 0.38546875 0.6279296875 0.0347265625 0.13359375
2 0.34296875 0.63046875 0.0278125 0.106484375
0 0.23265625 0.65 0.0462109375 0.1041796875
0 0.1924609375 0.605859375 0.053125 0.1262890625