0 0.27609375 0.4979296875 0.018203125 0.085
4 0.2319921875 0.4694140625 0.040234375 0.1383203125
0 0.7018359375 0.5050390625 0.037890625 0.103828125
0 0.6586328125 0.5018359375 0.0433984375 0.1286328125
2 0.5897265625 0.514921875 0.026875 0.1391796875
5 0.516875 0.5075390625 0.0401953125 0.16859375
0 0.330546875 0.5034375 0.0305859375 0.096015625
4 0.19796875 0.61 0.04578125 0.1069921875
5 0.4396875 0.67890625 0.0516796875 0.0940625
5 0.521484375 0.6968359375 0.031015625 0.106015625
2 0.5871875 0.6943359375 0.0172265625 0.088984375
2 0.63015625 0.70328125 0.023203125 0.082109375
4 0.7760546875 0.64953125 0.043828125 0.1124609375
0 0.715859375 0.6435546875 0.02453125 0.07296875
1 0.4486328125 0.5314453125 0.055390625 0.1428515625