0 0.2439453125 0.3828515625 0.04578125 0.0983984375
4 0.2140625 0.510078125 0.0319921875 0.06796875
0 0.810078125 0.35984375 0.0383203125 0.107578125
4 0.848671875 0.4747265625 0.0419921875 0.0983203125
2 0.621640625 0.624921875 0.029140625 0.150625
5 0.44703125 0.621015625 0.0291796875 0.14375
1 0.4881640625 0.464375 0.024140625 0.15578125
3 0.545390625 0.4575 0.023671875 0.1328125
3 0.5775390625 0.637578125 0.014453125 0.106953125
0 0.3394921875 0.4657421875 0.0347265625 0.09421875
0 0.302734375 0.4391015625 0.0347265625 0.059296875