0 0.8114453125 0.35390625 0.031875 0.0680859375
5 0.6244140625 0.441640625 0.0346875 0.105703125
3 0.5311328125 0.445546875 0.0411328125 0.1273046875
3 0.5768359375 0.4395703125 0.045234375 0.1429296875
5 0.4424609375 0.432890625 0.0383984375 0.1158203125
1 0.366171875 0.63 0.0218359375 0.12578125
0 0.307578125 0.5930078125 0.039765625 0.0821875
3 0.568125 0.607734375 0.01859375 0.1115625
2 0.69703125 0.61 0.021796875 0.106953125
4 0.8898046875 0.4786328125 0.0369140625 0.1015625
0 0.2188671875 0.2969140625 0.03703125 0.1012109375
2 0.3799609375 0.401875 0.023671875 0.1594921875