4 0.2591015625 0.3660546875 0.03015625 0.1062109375
5 0.4328125 0.413828125 0.02828125 0.1282421875
5 0.556640625 0.4308203125 0.023203125 0.1346484375
5 0.610625 0.4322265625 0.0438671875 0.10984375
5 0.6680859375 0.4388671875 0.0392578125 0.1001953125
0 0.7101171875 0.4129296875 0.0360546875 0.07125
4 0.782734375 0.556953125 0.0341796875 0.0844921875
1 0.548125 0.6208203125 0.0291796875 0.114765625
4 0.3992578125 0.5964453125 0.04390625 0.1304296875
2 0.6129296875 0.6435546875 0.0392578125 0.1097265625
3 0.4886328125 0.4469140625 0.015859375 0.120859375
3 0.5203125 0.453359375 0.0406640625 0.1300390625
3 0.3707421875 0.414765625 0.023671875 0.1116796875