2 0.2551953125 0.594375 0.0269140625 0.130859375
2 0.276328125 0.5700390625 0.0508203125 0.1465234375
0 0.179375 0.618046875 0.049921875 0.1092578125
0 0.1377734375 0.64421875 0.026484375 0.1156640625
1 0.3992578125 0.7464453125 0.0255078125 0.1316796875
1 0.2154296875 0.7740234375 0.0439453125 0.1316796875
4 0.16421875 0.7813671875 0.0287890625 0.0728515625
0 0.7625 0.661015625 0.0231640625 0.1078515625
0 0.7094140625 0.6320703125 0.030078125 0.110625
5 0.607421875 0.592109375 0.0282421875 0.1133984375
2 0.560078125 0.7694140625 0.0162890625 0.1041015625
5 0.54125 0.613671875 0.0245703125 0.0959375
3 0.47921875 0.5886328125 0.038359375 0.123984375
3 0.44359375 0.5771484375 0.03609375 0.12859375