1 0.3771875 0.552109375 0.054921875 0.101484375
1 0.450703125 0.541796875 0.0365234375 0.140546875
1 0.5612109375 0.5666015625 0.0323828125 0.116640625
3 0.5276953125 0.55234375 0.0296484375 0.0973828125
0 0.7434375 0.5658984375 0.02453125 0.0923046875
0 0.73078125 0.691328125 0.0314453125 0.0766015625
1 0.5591796875 0.6853515625 0.0328515625 0.0922265625
2 0.4066015625 0.6814453125 0.0218359375 0.0890234375
1 0.35859375 0.67296875 0.0223046875 0.095
0 0.31125 0.5358203125 0.02875 0.1010546875
0 0.2551953125 0.5392578125 0.0269140625 0.07578125