0 0.221640625 0.5822265625 0.0425390625 0.1111328125
1 0.4532421875 0.58453125 0.0278125 0.124921875
1 0.548125 0.594375 0.0291796875 0.130859375
1 0.7211328125 0.5856640625 0.021328125 0.10421875
1 0.71515625 0.75703125 0.036953125 0.1252734375
0 0.6751953125 0.614140625 0.021328125 0.1060546875
0 0.6156640625 0.7544921875 0.02640625 0.115625
2 0.4029296875 0.721171875 0.0144921875 0.127109375
0 0.2969921875 0.749453125 0.0278515625 0.1330859375
0 0.19890625 0.7402734375 0.02921875 0.096328125
5 0.40546875 0.5651953125 0.024140625 0.15984375