4 0.2547265625 0.3196484375 0.05359375 0.0961328125
4 0.7478125 0.3430859375 0.0415625 0.071328125
4 0.8268359375 0.5057421875 0.0525390625 0.1134765625
4 0.17203125 0.4946875 0.05359375 0.087734375
1 0.4801171875 0.4437109375 0.0401953125 0.160390625
1 0.5435546875 0.456796875 0.038359375 0.1451953125
1 0.5894921875 0.4283203125 0.038359375 0.1433984375
0 0.6547265625 0.599453125 0.0585546875 0.0950390625
4 0.3859375 0.663984375 0.0448046875 0.1459765625
0 0.3016015625 0.40671875 0.0186328125 0.091015625
2 0.3475390625 0.40765625 0.0186328125 0.11125
2 0.41625 0.4349609375 0.031953125 0.13375
1 0.4771484375 0.622421875 0.038828125 0.122578125
1 0.5665234375 0.634375 0.0475390625 0.1280859375