0 0.210859375 0.3787109375 0.0347265625 0.0809375
0 0.1658203125 0.5213671875 0.0366015625 0.0858984375
0 0.3794921875 0.453125 0.01359375 0.1378515625
2 0.41578125 0.48828125 0.0218359375 0.111640625
0 0.46359375 0.4946875 0.007109375 0.1244921875
1 0.5559375 0.5034375 0.0172265625 0.1327734375
1 0.590625 0.4921875 0.0176953125 0.1332421875
0 0.707109375 0.4441796875 0.0346484375 0.060234375
4 0.758125 0.56453125 0.0539453125 0.09875
1 0.467265625 0.655703125 0.0328515625 0.1478515625
1 0.5591796875 0.682578125 0.014453125 0.17859375
1 0.4075390625 0.675234375 0.023671875 0.1455078125
2 0.638203125 0.6858203125 0.0438671875 0.1391015625
0 0.6921875 0.6467578125 0.0277734375 0.106953125