0 0.253125 0.35203125 0.0273828125 0.11953125
5 0.6115625 0.356640625 0.0273046875 0.16546875
5 0.5828125 0.3931640625 0.029609375 0.169609375
3 0.53390625 0.4156640625 0.0282421875 0.1319140625
3 0.5069921875 0.4076171875 0.03421875 0.1480078125
5 0.4654296875 0.3669921875 0.0291796875 0.12640625
5 0.4212890625 0.390859375 0.0328515625 0.137421875
5 0.69265625 0.3708984375 0.0194921875 0.1296484375
5 0.74296875 0.3543359375 0.0328125 0.0965625
4 0.8026953125 0.5287109375 0.07875 0.063828125
4 0.2469140625 0.5236328125 0.0471484375 0.0996875
5 0.4341796875 0.5934765625 0.0218359375 0.147421875
5 0.610859375 0.5930078125 0.058125 0.1373046875
3 0.5265234375 0.598515625 0.0319140625 0.1299609375