0 0.1722265625 0.541796875 0.0310546875 0.0854296875
0 0.222578125 0.558125 0.026015625 0.0675
5 0.41671875 0.5280078125 0.023671875 0.1130078125
3 0.48953125 0.553046875 0.0176953125 0.12171875
5 0.5242578125 0.545234375 0.0181640625 0.133671875
1 0.591328125 0.5580859375 0.0236328125 0.1226171875
2 0.641640625 0.542265625 0.01859375 0.095546875
0 0.6903515625 0.55765625 0.0241015625 0.1125390625
0 0.7262109375 0.5700390625 0.022265625 0.0730078125
0 0.7792578125 0.7198046875 0.04109375 0.0784375
1 0.50125 0.7055859375 0.02734375 0.1142578125
2 0.339296875 0.703515625 0.02046875 0.1330859375
5 0.27609375 0.5528125 0.0365625 0.1074609375