4 0.22140625 0.5215625 0.0466796875 0.0817578125
4 0.7594921875 0.465078125 0.0658984375 0.0882421875
4 0.7478125 0.6481640625 0.05625 0.0821484375
5 0.6080859375 0.5443359375 0.03421875 0.095078125
5 0.55203125 0.541328125 0.0323828125 0.1304296875
5 0.432109375 0.5622265625 0.0406640625 0.140078125
4 0.4541796875 0.74875 0.048046875 0.127109375
4 0.5646875 0.744609375 0.0438671875 0.1831640625
1 0.253125 0.5973828125 0.0273828125 0.0955078125
0 0.2278515625 0.729453125 0.0595703125 0.088515625
0 0.3018359375 0.7512890625 0.032890625 0.0816015625
0 0.365234375 0.595546875 0.0310546875 0.12859375