0 0.26046875 0.4248828125 0.0420703125 0.113515625
5 0.4378515625 0.4774609375 0.047578125 0.158984375
3 0.5072265625 0.509609375 0.030078125 0.149765625
5 0.5465234375 0.4823046875 0.0213671875 0.1456640625
5 0.586484375 0.4698828125 0.0369921875 0.111640625
5 0.65015625 0.4935546875 0.0309765625 0.1084375
1 0.7208984375 0.59625 0.043828125 0.0978125
2 0.5559375 0.7122265625 0.0355859375 0.1413671875
5 0.5116015625 0.6897265625 0.0434375 0.105546875
1 0.44265625 0.6669921875 0.0342578125 0.1473828125
1 0.389375 0.68328125 0.0379296875 0.1478125
1 0.291015625 0.6619140625 0.0434765625 0.091328125
0 0.2735546875 0.60703125 0.0453125 0.0872265625