4 0.770546875 0.4161328125 0.0328125 0.14203125
2 0.346171875 0.472890625 0.025078125 0.13140625
2 0.4176171875 0.4896484375 0.0255078125 0.141953125
2 0.47046875 0.5167578125 0.0301171875 0.150234375
1 0.490234375 0.513515625 0.04203125 0.134609375
5 0.545390625 0.4935546875 0.023671875 0.126796875
5 0.5970703125 0.5194921875 0.030546875 0.1079296875
2 0.6136328125 0.664453125 0.026875 0.1193359375
4 0.454375 0.6653515625 0.0255078125 0.121171875
0 0.31953125 0.66859375 0.0269140625 0.1184375
4 0.2154296875 0.6054296875 0.0623046875 0.0977734375