1 0.31859375 0.3198828125 0.025078125 0.0919921875
5 0.477578125 0.3748046875 0.030546875 0.09609375
3 0.5233203125 0.367890625 0.016328125 0.146640625
3 0.580546875 0.3943359375 0.015859375 0.0937890625
5 0.6434765625 0.398203125 0.022265625 0.13375
4 0.7912109375 0.5204296875 0.028203125 0.0840625
0 0.7558203125 0.4131640625 0.04015625 0.0855078125
1 0.4148828125 0.5055078125 0.02 0.1139453125
0 0.389140625 0.345859375 0.023671875 0.0841796875
5 0.5040234375 0.5399609375 0.0328515625 0.118515625
5 0.708046875 0.5502734375 0.018125 0.1308984375