0 0.2813671875 0.3926953125 0.0149609375 0.0859765625
5 0.40359375 0.430390625 0.031484375 0.084140625
0 0.365703125 0.4324609375 0.0227734375 0.08734375
5 0.5773046875 0.4542578125 0.0369921875 0.1539453125
5 0.6205078125 0.4358984375 0.0314453125 0.1171875
0 0.66921875 0.433828125 0.01859375 0.11765625
5 0.7057421875 0.4228125 0.0226953125 0.095625
0 0.7523828125 0.3830859375 0.028671875 0.075859375
5 0.43140625 0.5875 0.0420703125 0.085859375
2 0.5890234375 0.6153125 0.0282421875 0.10375
0 0.6453125 0.58015625 0.0259375 0.1116015625
0 0.711484375 0.571875 0.029609375 0.1134375
0 0.3121875 0.5587890625 0.0305859375 0.0918359375