2 0.3684765625 0.4028125 0.0098828125 0.1429296875
2 0.4015625 0.43359375 0.0209375 0.1585546875
3 0.4300390625 0.4551953125 0.0227734375 0.15578125
2 0.4566796875 0.4391015625 0.039296875 0.151171875
0 0.56078125 0.402109375 0.022265625 0.11859375
0 0.642109375 0.4009765625 0.0287109375 0.1025
1 0.72296875 0.3201171875 0.0433984375 0.10625
1 0.739765625 0.51125 0.0355859375 0.1024609375
0 0.688984375 0.571640625 0.04890625 0.0991796875
1 0.498515625 0.6499609375 0.0218359375 0.122578125
1 0.41578125 0.6479296875 0.0218359375 0.123046875
0 0.264609375 0.388125 0.041171875 0.09515625
0 0.323203125 0.62171875 0.0342578125 0.1166015625
0 0.3358203125 0.4161328125 0.0273828125 0.1052734375
0 0.218671875 0.5468359375 0.041171875 0.1230859375