4 0.1814453125 0.3555078125 0.049453125 0.0942578125
4 0.7604296875 0.4085546875 0.0309765625 0.076328125
0 0.7340234375 0.6823828125 0.028671875 0.10921875
2 0.529765625 0.76734375 0.0291796875 0.0972265625
5 0.5423828125 0.5282421875 0.0406640625 0.1272265625
2 0.3633984375 0.494921875 0.0273828125 0.13875
2 0.41625 0.544296875 0.0135546875 0.1318359375
3 0.4601171875 0.5617578125 0.0140234375 0.1299609375
0 0.677734375 0.50390625 0.049375 0.102421875
2 0.3836328125 0.75265625 0.0310546875 0.1487109375
0 0.2308203125 0.6591796875 0.0609375 0.1041796875
1 0.1722265625 0.5737109375 0.049453125 0.0803515625