5 0.559375 0.4946875 0.047109375 0.1980078125
3 0.473671875 0.5475 0.02734375 0.202578125
3 0.521953125 0.5539453125 0.022734375 0.1603125
1 0.400625 0.509375 0.0191015625 0.15390625
0 0.318125 0.4583984375 0.033359375 0.097890625
0 0.255859375 0.4228125 0.032890625 0.095625
0 0.2549609375 0.6212890625 0.0126953125 0.088125
2 0.64234375 0.7014453125 0.0429296875 0.0784375
2 0.4109765625 0.70765625 0.016796875 0.0954296875
2 0.3716796875 0.710859375 0.0255078125 0.1110546875
4 0.32296875 0.6784765625 0.0383984375 0.0876171875
4 0.684375 0.6814453125 0.0397265625 0.1073828125
0 0.746640625 0.4251171875 0.04015625 0.091015625
0 0.692421875 0.4696484375 0.04203125 0.0790234375
2 0.6398046875 0.494453125 0.0259375 0.0992578125