5 0.4112109375 0.523203125 0.0383984375 0.133671875
5 0.5628515625 0.5321484375 0.0218359375 0.13046875
0 0.6630078125 0.5323828125 0.038359375 0.126328125
0 0.7172265625 0.5431640625 0.036484375 0.1157421875
0 0.766875 0.5096484375 0.02546875 0.0946484375
4 0.824765625 0.6265625 0.0493359375 0.0665234375
2 0.3523828125 0.567734375 0.023671875 0.0959765625
1 0.5591796875 0.7283203125 0.0512109375 0.1459375
5 0.384296875 0.7576953125 0.0369921875 0.149609375
0 0.259765625 0.550078125 0.03609375 0.08359375
1 0.481953125 0.730625 0.0255078125 0.12296875
4 0.1616796875 0.6384765625 0.0375 0.1271875