2 0.24875 0.6169140625 0.032421875 0.1115625
5 0.3703125 0.548203125 0.0503515625 0.1350390625
1 0.5246875 0.537890625 0.0282421875 0.118984375
4 0.4644921875 0.5323828125 0.02734375 0.126328125
1 0.6400390625 0.5622265625 0.029140625 0.12171875
0 0.7335546875 0.5978515625 0.0185546875 0.1055859375
1 0.7565234375 0.7666796875 0.0277734375 0.1169921875
1 0.5472265625 0.6940625 0.02734375 0.155625
1 0.471640625 0.7071875 0.038828125 0.1220703125
1 0.3638671875 0.74921875 0.0374609375 0.118828125
2 0.7960546875 0.6205859375 0.03328125 0.1556640625