0 0.2393359375 0.4588671875 0.0365625 0.089609375
0 0.280234375 0.4630078125 0.0356640625 0.1070703125
2 0.381796875 0.4721875 0.02734375 0.143828125
0 0.416484375 0.4749609375 0.0462109375 0.1309375
1 0.4732421875 0.476796875 0.035625 0.134609375
0 0.52609375 0.48828125 0.0218359375 0.1483984375
1 0.5658203125 0.4974609375 0.023203125 0.111640625
1 0.598671875 0.505703125 0.0199609375 0.1465625
3 0.63453125 0.526171875 0.018125 0.14609375
3 0.692421875 0.52640625 0.0236328125 0.1235546875
0 0.747109375 0.5387890625 0.0319140625 0.102421875
1 0.8128125 0.6823828125 0.02546875 0.1276171875
1 0.4222265625 0.6977734375 0.016328125 0.1262109375