4 0.2503515625 0.3584765625 0.040234375 0.1140234375
2 0.39671875 0.511015625 0.0342578125 0.16171875
5 0.4376171875 0.494453125 0.0333203125 0.165390625
2 0.5152734375 0.5571875 0.0323828125 0.1391796875
0 0.641171875 0.702109375 0.0636328125 0.1027734375
2 0.583984375 0.752421875 0.045703125 0.1160546875
2 0.4275 0.7878125 0.031484375 0.140859375
1 0.3597265625 0.7158984375 0.0383984375 0.1303515625
0 0.295390625 0.676875 0.0200390625 0.098203125
4 0.2400390625 0.603125 0.0425390625 0.0840234375
4 0.6563671875 0.4735546875 0.029609375 0.100625
4 0.579140625 0.5048046875 0.0406640625 0.126328125
0 0.7225390625 0.4244140625 0.051640625 0.121796875
0 0.74640625 0.306796875 0.044296875 0.0887890625
0 0.765703125 0.61484375 0.0461328125 0.11203125