0 0.27171875 0.537890625 0.041640625 0.118984375
0 0.3321484375 0.573046875 0.0383984375 0.0927734375
5 0.4185546875 0.5619921875 0.0457421875 0.14421875
1 0.5887890625 0.576015625 0.0323828125 0.1308984375
5 0.5472265625 0.571171875 0.02734375 0.1258203125
0 0.777890625 0.568671875 0.0475 0.116171875
0 0.731953125 0.5528125 0.029140625 0.0891015625
0 0.6830078125 0.57921875 0.0277734375 0.0913671875
1 0.61453125 0.7344921875 0.0470703125 0.1262109375
5 0.5423828125 0.738203125 0.0590234375 0.1335546875
2 0.4341796875 0.7453125 0.040234375 0.133984375
0 0.310546875 0.73453125 0.041171875 0.089453125
4 0.7634375 0.699609375 0.0507421875 0.074765625