0 0.839921875 0.390859375 0.07046875 0.0823046875
1 0.7916796875 0.467578125 0.0383203125 0.11625
1 0.2119921875 0.453359375 0.0324609375 0.096953125
2 0.39671875 0.526640625 0.0342578125 0.1378125
2 0.4309375 0.5502734375 0.024609375 0.1345703125
5 0.5780078125 0.5580859375 0.0245703125 0.1226171875
0 0.2659765625 0.4896484375 0.0347265625 0.12359375
0 0.7884765625 0.6591796875 0.04109375 0.1041796875
0 0.8553125 0.6159765625 0.03234375 0.1280859375
1 0.607890625 0.7253125 0.0199609375 0.1078125
5 0.45875 0.7409375 0.038828125 0.1206640625
1 0.384765625 0.73359375 0.02875 0.1059765625
1 0.3413671875 0.733828125 0.02 0.120234375
0 0.2721875 0.7170703125 0.033359375 0.0912890625
0 0.190625 0.65 0.0310546875 0.0858203125