5 0.403828125 0.4053515625 0.0347265625 0.0974609375
5 0.6090234375 0.4200390625 0.0360546875 0.145234375
5 0.564921875 0.448984375 0.0397265625 0.120390625
5 0.6591015625 0.4508203125 0.0167578125 0.1240625
5 0.637265625 0.63 0.0236328125 0.1515234375
5 0.6122265625 0.6306640625 0.03328125 0.1575
2 0.4173828125 0.60703125 0.048046875 0.123984375
4 0.3126171875 0.5898046875 0.040703125 0.1033203125
4 0.27171875 0.5585546875 0.041640625 0.0776171875
1 0.6630078125 0.62515625 0.038359375 0.16484375
4 0.7845703125 0.425546875 0.0378515625 0.1011328125
1 0.716328125 0.652734375 0.053046875 0.1280859375