3 0.45828125 0.487578125 0.0287109375 0.1056640625
3 0.4844921875 0.507578125 0.03515625 0.1134765625
5 0.576640625 0.490546875 0.031015625 0.10703125
4 0.5490625 0.668125 0.031015625 0.1266796875
5 0.3863671875 0.6665234375 0.0365625 0.1188671875
4 0.2090234375 0.6433203125 0.0678125 0.09546875
4 0.7452734375 0.645859375 0.0576171875 0.0904296875
4 0.7101171875 0.4510546875 0.0544140625 0.083203125
0 0.6740234375 0.53421875 0.0236328125 0.056484375
0 0.6375 0.51515625 0.037890625 0.06890625
1 0.4019921875 0.4974609375 0.031015625 0.111640625