2 0.641875 0.5390234375 0.014453125 0.1350390625
3 0.5655859375 0.533515625 0.02734375 0.1423828125
0 0.528828125 0.55671875 0.045703125 0.110703125
1 0.4966796875 0.54796875 0.0365234375 0.1391796875
5 0.40109375 0.529375 0.047578125 0.1249609375
0 0.3567578125 0.565234375 0.03703125 0.1046875
0 0.29171875 0.5387890625 0.0310546875 0.1208203125
1 0.2473828125 0.513984375 0.0388671875 0.10796875
1 0.3335546875 0.6819140625 0.031953125 0.0991015625
2 0.408203125 0.6936328125 0.0296484375 0.090390625
5 0.491171875 0.7085546875 0.0255078125 0.07890625
1 0.7909765625 0.7012109375 0.0507421875 0.082578125
0 0.746640625 0.580390625 0.04015625 0.0890625
0 0.8033984375 0.57671875 0.0295703125 0.08171875
0 0.845 0.5225 0.0346484375 0.08359375
1 0.825703125 0.679609375 0.0328125 0.0853515625