0 0.194296875 0.4662109375 0.0384375 0.1226953125
0 0.249921875 0.487578125 0.03015625 0.1056640625
0 0.380390625 0.5128515625 0.0337890625 0.1286328125
0 0.477578125 0.5539453125 0.030546875 0.1419140625
5 0.5708984375 0.5045703125 0.0277734375 0.1488671875
5 0.6241796875 0.513515625 0.038828125 0.134609375
0 0.7108203125 0.522265625 0.0236328125 0.1244921875
0 0.7721484375 0.4979296875 0.040625 0.103359375
0 0.8236328125 0.4740234375 0.0332421875 0.1107421875
4 0.8077734375 0.592109375 0.0612890625 0.0803515625
5 0.5621484375 0.6938671875 0.03421875 0.1230078125
2 0.5237890625 0.7005078125 0.02640625 0.0949609375
1 0.4180859375 0.6885546875 0.035625 0.1078515625