4 0.2510546875 0.3051953125 0.0278515625 0.099375
0 0.7606640625 0.33296875 0.045234375 0.0951953125
5 0.579140625 0.6552734375 0.022265625 0.1193359375
5 0.5426171875 0.659609375 0.0365234375 0.114296875
5 0.6051171875 0.4423046875 0.0328515625 0.1484375
3 0.5628515625 0.467578125 0.0218359375 0.1346484375
1 0.514375 0.49515625 0.0489453125 0.1530078125
1 0.4553125 0.483671875 0.02734375 0.1208203125
5 0.4509375 0.64859375 0.05078125 0.128984375
4 0.2361328125 0.507109375 0.0393359375 0.103359375
0 0.797890625 0.4708203125 0.036953125 0.131875
0 0.697265625 0.5939453125 0.028671875 0.0840234375