1 0.20578125 0.446015625 0.0310546875 0.096953125
2 0.25265625 0.46875 0.040234375 0.1139453125
5 0.3601953125 0.476328125 0.0347265625 0.142890625
5 0.42359375 0.495859375 0.0328515625 0.1222265625
5 0.4969140625 0.514921875 0.01859375 0.1281640625
5 0.6053515625 0.4740234375 0.0333203125 0.1475
0 0.6742578125 0.4808984375 0.0241015625 0.1337109375
0 0.7721484375 0.4156640625 0.0268359375 0.113515625
4 0.7650390625 0.5737109375 0.0594921875 0.0840234375
4 0.2191015625 0.60703125 0.0742578125 0.0872265625
5 0.3794921875 0.6777734375 0.054921875 0.136796875
2 0.5228515625 0.69546875 0.0291796875 0.1308203125
5 0.5745703125 0.6841796875 0.0360546875 0.168046875