0 0.1768359375 0.406484375 0.021875 0.076796875
0 0.2202734375 0.4248828125 0.0305859375 0.0767578125
2 0.373515625 0.513984375 0.0108203125 0.10796875
3 0.4615234375 0.5323828125 0.0259765625 0.126328125
1 0.4883984375 0.5443359375 0.038359375 0.095078125
5 0.5226171875 0.5270703125 0.0287109375 0.12953125
2 0.6393359375 0.4708203125 0.0231640625 0.1134765625
0 0.712890625 0.45359375 0.0231640625 0.074453125
1 0.6830078125 0.4659765625 0.0277734375 0.090078125
1 0.78890625 0.40375 0.0328125 0.0712890625
0 0.766171875 0.5541796875 0.0378515625 0.1010546875
0 0.373046875 0.679375 0.0191015625 0.1262109375
2 0.2940234375 0.630703125 0.0264453125 0.1023828125
0 0.170390625 0.56015625 0.04578125 0.0854296875
5 0.514140625 0.6745703125 0.0346875 0.1028125
5 0.548828125 0.675703125 0.03515625 0.1005078125