1 0.29953125 0.3348046875 0.048515625 0.135625
1 0.230390625 0.3508984375 0.0140625 0.1218359375
4 0.1894921875 0.5433984375 0.033359375 0.13
4 0.808671875 0.591171875 0.044765625 0.1336328125
5 0.6991015625 0.6387109375 0.0507421875 0.0862890625
0 0.7337890625 0.390625 0.014453125 0.123203125
2 0.6823046875 0.375234375 0.021796875 0.1245703125
5 0.56859375 0.3543359375 0.0287109375 0.1333203125
3 0.544921875 0.368828125 0.0319140625 0.11171875
3 0.5021875 0.3513671875 0.0291796875 0.131953125
5 0.4176171875 0.3614453125 0.0255078125 0.1521484375
1 0.3875390625 0.3490625 0.0342578125 0.1181640625
5 0.3971875 0.5728125 0.0259765625 0.15203125
1 0.463125 0.560859375 0.015390625 0.1648828125
5 0.5382421875 0.5640625 0.023203125 0.1621484375
0 0.6124609375 0.594375 0.01078125 0.1492578125