5 0.5977734375 0.3665234375 0.0365234375 0.1714453125
5 0.6565625 0.363984375 0.0438671875 0.1250390625
5 0.7425 0.40375 0.04109375 0.1080078125
0 0.8217578125 0.39109375 0.04796875 0.0781640625
5 0.416015625 0.3899609375 0.03609375 0.1355859375
1 0.3629296875 0.3770703125 0.035625 0.1282421875
2 0.31953125 0.3936328125 0.0269140625 0.1245703125
0 0.225546875 0.42234375 0.0273828125 0.0855078125
4 0.1759375 0.6178125 0.056796875 0.0950390625
1 0.5536328125 0.5847265625 0.0401953125 0.12078125
2 0.4185546875 0.5934765625 0.02734375 0.1290234375
2 0.4102734375 0.6040234375 0.0291796875 0.1409765625
2 0.404765625 0.6428515625 0.0001953125 0.0853515625