0 0.23015625 0.4437109375 0.018203125 0.105234375
0 0.2742578125 0.4351953125 0.032890625 0.0928515625
2 0.380859375 0.40625 0.04390625 0.11765625
2 0.4465625 0.411328125 0.0190625 0.1553515625
1 0.4874609375 0.430625 0.0181640625 0.1387890625
1 0.5350390625 0.4156640625 0.0259765625 0.1319140625
5 0.590390625 0.401875 0.0401953125 0.14109375
0 0.699296875 0.414296875 0.0282421875 0.1016015625
4 0.213828125 0.62125 0.0544921875 0.1065234375
0 0.280703125 0.6725 0.0457421875 0.121640625
1 0.579375 0.62125 0.0365234375 0.14328125
1 0.731953125 0.6203515625 0.04015625 0.1377734375
4 0.4410546875 0.64125 0.0448046875 0.114296875