1 0.2317578125 0.50984375 0.040703125 0.0905078125
0 0.31515625 0.533984375 0.031953125 0.0973828125
0 0.423359375 0.536484375 0.032421875 0.1437890625
0 0.5616796875 0.5475390625 0.0241015625 0.1290625
1 0.6561328125 0.5351171875 0.03375 0.1134375
0 0.6979296875 0.5215625 0.0346484375 0.118515625
0 0.7712109375 0.495625 0.0387890625 0.10796875
0 0.7643359375 0.695234375 0.0341796875 0.098203125
1 0.6168359375 0.7434765625 0.0241015625 0.111953125
2 0.533203125 0.7581640625 0.022265625 0.1045703125
2 0.4173828125 0.74875 0.0296484375 0.1822265625
5 0.373515625 0.76484375 0.02921875 0.150078125
0 0.279765625 0.74875 0.0623046875 0.127109375
0 0.2151953125 0.726953125 0.0480859375 0.097265625