4 0.194765625 0.364921875 0.03015625 0.0717578125
2 0.21453125 0.4319921875 0.042109375 0.0955859375
2 0.28875 0.4671484375 0.0296875 0.12453125
2 0.333984375 0.4926171875 0.0237109375 0.16171875
5 0.4022265625 0.495390625 0.0452734375 0.13046875
5 0.474609375 0.55625 0.0291796875 0.155703125
5 0.5223828125 0.5424609375 0.014453125 0.1465234375
5 0.5350390625 0.537421875 0.0259765625 0.145625
5 0.537109375 0.5826953125 0.0255078125 0.06609375
2 0.58671875 0.5008984375 0.0328515625 0.1782421875
0 0.6361328125 0.483203125 0.0443359375 0.1475
0 0.69609375 0.4990625 0.0309765625 0.1010546875
2 0.7420703125 0.44046875 0.0309765625 0.144765625
0 0.7760546875 0.4122265625 0.02546875 0.1204296875
0 0.7912109375 0.58015625 0.0466015625 0.093203125
4 0.1740625 0.607734375 0.0898828125 0.1115625
2 0.599140625 0.733828125 0.030078125 0.1018359375
1 0.4019921875 0.728984375 0.031015625 0.11515625
2 0.497578125 0.7409375 0.02 0.1206640625
0 0.3078125 0.69890625 0.072421875 0.1423046875