0 0.2393359375 0.3265625 0.0365625 0.08234375
0 0.338125 0.39546875 0.041171875 0.1098828125
5 0.411875 0.3936328125 0.055390625 0.1245703125
5 0.5966015625 0.3697265625 0.038828125 0.1503125
2 0.6393359375 0.375234375 0.0231640625 0.1062109375
0 0.6859765625 0.3826171875 0.029140625 0.1208984375
4 0.7691796875 0.40234375 0.020859375 0.114453125
4 0.813984375 0.6233203125 0.0415234375 0.1244140625
4 0.209921875 0.6323046875 0.0512890625 0.091796875
5 0.389140625 0.6525 0.023671875 0.168984375
3 0.4925390625 0.64171875 0.0190625 0.1427734375
1 0.536171875 0.4202734375 0.023671875 0.0933203125
3 0.5037890625 0.4009765625 0.0369921875 0.1208984375