0 0.2972265625 0.4276171875 0.0420703125 0.1006640625
5 0.3680078125 0.4439453125 0.0365625 0.10109375
3 0.4615234375 0.4593359375 0.0259765625 0.136484375
3 0.490234375 0.476328125 0.023671875 0.1061328125
1 0.5504296875 0.4501171875 0.0245703125 0.1180859375
1 0.6791015625 0.4126953125 0.0245703125 0.075390625
4 0.23703125 0.688125 0.041171875 0.1161328125
1 0.4412890625 0.6626171875 0.0223046875 0.1340625
5 0.5736328125 0.6894921875 0.029609375 0.1464453125
0 0.7323828125 0.637109375 0.0392578125 0.0968359375
2 0.5030859375 0.6616796875 0.0126171875 0.113828125