2 0.7755859375 0.3970703125 0.0337109375 0.11765625
3 0.5389453125 0.5197265625 0.0475390625 0.2251171875
3 0.49 0.5323828125 0.046171875 0.1446875
3 0.452109375 0.5303125 0.0301171875 0.126796875
5 0.405 0.49125 0.032421875 0.149765625
2 0.3238671875 0.4627734375 0.0586328125 0.14796875
0 0.2772265625 0.4356640625 0.0342578125 0.121328125
0 0.23015625 0.40328125 0.0365625 0.1162890625
1 0.166953125 0.383515625 0.05265625 0.104375
1 0.2230078125 0.590703125 0.0361328125 0.0867578125
2 0.5543359375 0.70625 0.0277734375 0.101875
2 0.3826953125 0.7039453125 0.0291796875 0.12484375
2 0.6703515625 0.691328125 0.0346484375 0.113359375
1 0.804765625 0.599453125 0.0415234375 0.1133984375