0 0.2772265625 0.537890625 0.05265625 0.118984375
5 0.3836328125 0.5231640625 0.0310546875 0.126328125
1 0.443125 0.5233984375 0.0443359375 0.1221875
3 0.5118359375 0.540625 0.039296875 0.1244921875
3 0.53984375 0.51375 0.031015625 0.13046875
1 0.62625 0.54453125 0.0199609375 0.109296875
0 0.676328125 0.5477734375 0.0190234375 0.0881640625
4 0.691484375 0.6759375 0.0585546875 0.0963671875
2 0.6051171875 0.703515625 0.0365234375 0.0890234375
3 0.52609375 0.6973046875 0.0401953125 0.11609375
3 0.475546875 0.6665234375 0.031015625 0.1005078125
1 0.4109765625 0.66859375 0.03515625 0.1000390625