1 0.5970703125 0.482265625 0.04890625 0.1823828125
3 0.5380078125 0.486640625 0.02734375 0.1405859375
3 0.4916015625 0.4859765625 0.035625 0.134609375
5 0.440390625 0.4721875 0.038828125 0.1254296875
5 0.39234375 0.460703125 0.039296875 0.1300390625
1 0.3631640625 0.461640625 0.031484375 0.113515625
5 0.380625 0.611171875 0.0333203125 0.1083203125
5 0.4463671875 0.6591796875 0.023203125 0.1409375
2 0.6228125 0.6440234375 0.026875 0.1198046875
3 0.5508984375 0.668828125 0.0162890625 0.114296875
4 0.7833984375 0.5673046875 0.04015625 0.1042578125
0 0.719765625 0.43109375 0.0277734375 0.0569921875