0 0.3291796875 0.5507421875 0.0186328125 0.1262890625
0 0.2852734375 0.476796875 0.0001953125 0.0059765625
0 0.3 0.5480078125 0.02921875 0.102421875
0 0.251953125 0.523203125 0.0296875 0.1079296875
0 0.1851171875 0.4891796875 0.0384375 0.131875
5 0.4385546875 0.5461328125 0.0535546875 0.2090234375
3 0.4994140625 0.567734375 0.04203125 0.15109375
5 0.5821484375 0.5250390625 0.038359375 0.1446875
0 0.6508203125 0.5544140625 0.036953125 0.133671875
0 0.69171875 0.5158203125 0.0360546875 0.111640625
0 0.743203125 0.4813671875 0.028671875 0.1254296875
4 0.766875 0.6389453125 0.043828125 0.1005078125
4 0.590625 0.7583984375 0.0360546875 0.1555859375
1 0.451171875 0.81375 0.02828125 0.1146484375
0 0.2575 0.7273828125 0.040703125 0.088984375