0 0.27703125 0.5259375 0.024609375 0.1134765625
0 0.3503125 0.5392578125 0.047109375 0.1125390625
5 0.4134765625 0.5360546875 0.0494140625 0.1152734375
4 0.4962109375 0.5436328125 0.031015625 0.14421875
3 0.5777734375 0.5470703125 0.0333203125 0.1042578125
5 0.603515625 0.5360546875 0.029609375 0.133671875
5 0.676328125 0.5470703125 0.04203125 0.1189453125
1 0.7599609375 0.5158203125 0.02546875 0.0932421875
0 0.800859375 0.51765625 0.0429296875 0.133671875
4 0.81671875 0.62953125 0.051640625 0.123046875
5 0.7066796875 0.6959375 0.0475390625 0.08578125
3 0.6664453125 0.7161328125 0.0360546875 0.089453125
3 0.563984375 0.699609375 0.0425 0.093125
4 0.2896484375 0.66078125 0.0728515625 0.0936328125
2 0.416015625 0.7119921875 0.0223046875 0.10875