1 0.3006640625 0.4496875 0.0351953125 0.163125
3 0.501015625 0.46390625 0.031484375 0.1456640625
3 0.54953125 0.45609375 0.022734375 0.13921875
5 0.603984375 0.452421875 0.0351171875 0.1686328125
5 0.455546875 0.4937890625 0.0416015625 0.1410546875
0 0.6703515625 0.4671484375 0.0346484375 0.12453125
5 0.4112109375 0.624921875 0.031015625 0.150625
5 0.598671875 0.638046875 0.038359375 0.1354296875
3 0.5396484375 0.6283984375 0.0167578125 0.1253515625
3 0.51046875 0.628828125 0.02734375 0.1170703125
1 0.36203125 0.62265625 0.0264453125 0.1551953125
1 0.8314453125 0.3437890625 0.021328125 0.06625
2 0.68875 0.6086328125 0.0162890625 0.1133984375
0 0.1828125 0.5204296875 0.0246484375 0.0840625
0 0.24875 0.57625 0.032421875 0.071640625
2 0.41921875 0.47265625 0.0296484375 0.1539453125