5 0.4371484375 0.4276171875 0.0416015625 0.1778515625
0 0.5228515625 0.495390625 0.0245703125 0.13046875
5 0.5612109375 0.49421875 0.0323828125 0.1327734375
0 0.6016796875 0.4708203125 0.0213671875 0.1134765625
0 0.68875 0.4708203125 0.0346484375 0.1134765625
0 0.720234375 0.4430078125 0.0194921875 0.0992578125
4 0.7684765625 0.4002734375 0.03328125 0.114921875
1 0.5543359375 0.680546875 0.0277734375 0.1239453125
2 0.419453125 0.6573046875 0.0108203125 0.1740234375
0 0.3167578125 0.4358984375 0.039765625 0.1171875
0 0.264375 0.4129296875 0.0269140625 0.07125
0 0.2237109375 0.3982421875 0.0237109375 0.0969921875