0 0.7833984375 0.5016015625 0.04015625 0.110703125
2 0.5653515625 0.41890625 0.031484375 0.129140625
2 0.4105078125 0.461640625 0.0434375 0.0767578125
5 0.353984375 0.4512890625 0.031484375 0.097421875
5 0.251953125 0.4940234375 0.0296875 0.10015625
5 0.21453125 0.476328125 0.0237109375 0.069375
5 0.3771875 0.6247265625 0.0181640625 0.1180078125
2 0.520546875 0.629765625 0.0291796875 0.11890625
1 0.5106640625 0.428984375 0.026875 0.1493359375
1 0.467734375 0.4505859375 0.04296875 0.10984375
2 0.58328125 0.6205859375 0.0397265625 0.1373046875
2 0.6290234375 0.62515625 0.02546875 0.1280859375