1 0.3415625 0.7140625 0.0158984375 0.10828125
0 0.2935546875 0.691328125 0.0200390625 0.0839453125
0 0.2501171875 0.6701953125 0.026015625 0.0894921875
1 0.6765625 0.567734375 0.014921875 0.1694921875
1 0.7172265625 0.529609375 0.018125 0.102421875
0 0.7569921875 0.5277734375 0.0194921875 0.0619921875
0 0.758828125 0.64953125 0.0415625 0.075703125
1 0.611796875 0.565 0.023203125 0.108828125
1 0.5545703125 0.5541796875 0.023671875 0.1377734375
5 0.3873046875 0.5663671875 0.02 0.12078125
0 0.3438671875 0.590703125 0.0296484375 0.10515625
0 0.2666796875 0.5555859375 0.02234375 0.094609375
1 0.4621875 0.57625 0.031953125 0.1267578125