2 0.416015625 0.5059375 0.054453125 0.16078125
2 0.2671484375 0.5119140625 0.032421875 0.0900390625
2 0.497109375 0.5328125 0.0282421875 0.1364453125
3 0.5745703125 0.5385546875 0.0314453125 0.1433203125
2 0.6126953125 0.48734375 0.0433984375 0.164921875
3 0.664375 0.4878125 0.0319140625 0.13828125
4 0.7703125 0.6196484375 0.0553125 0.0950390625
5 0.4176171875 0.7166015625 0.0255078125 0.173046875
1 0.36203125 0.5459375 0.0337890625 0.102890625
1 0.603984375 0.694296875 0.0351171875 0.1147265625
1 0.3098828125 0.56015625 0.0315234375 0.0964453125