0 0.3055078125 0.44921875 0.040234375 0.0611328125
5 0.588359375 0.4730859375 0.0406640625 0.1456640625
5 0.63015625 0.4671484375 0.023203125 0.142890625
5 0.708984375 0.4818359375 0.0383203125 0.0987890625
0 0.75859375 0.4779296875 0.0456640625 0.0771875
2 0.64484375 0.680078125 0.052578125 0.0954296875
5 0.55984375 0.664921875 0.038828125 0.11109375
3 0.5228515625 0.5273046875 0.0245703125 0.0886328125
5 0.482421875 0.5082421875 0.035625 0.1562109375
1 0.43875 0.6501953125 0.031015625 0.1000390625
4 0.2751953125 0.573046875 0.0347265625 0.074375