2 0.2402734375 0.402578125 0.0200390625 0.1287109375
2 0.2051171875 0.3674609375 0.0278515625 0.099765625
2 0.4383203125 0.4889453125 0.0025390625 0.154375
3 0.4766796875 0.5231640625 0.0287109375 0.1446875
3 0.5279296875 0.5466015625 0.0255078125 0.163984375
5 0.57109375 0.4808984375 0.02734375 0.1594140625
2 0.6019140625 0.4816015625 0.0172265625 0.1212890625
0 0.6866796875 0.48640625 0.0351171875 0.1630859375
0 0.7262109375 0.44828125 0.022265625 0.1328125
0 0.77078125 0.4358984375 0.028671875 0.1171875
0 0.7953515625 0.367890625 0.0273046875 0.1098828125
0 0.8151171875 0.6247265625 0.03921875 0.1363671875
0 0.76984375 0.6476953125 0.06359375 0.1087890625
2 0.6593359375 0.6892578125 0.049375 0.0954296875
2 0.5890234375 0.6977734375 0.046640625 0.1078515625
5 0.458515625 0.676171875 0.024609375 0.0922265625
2 0.3459375 0.68375 0.02921875 0.1028125
0 0.3045703125 0.6738671875 0.0383984375 0.0784375
0 0.234296875 0.625859375 0.0356640625 0.0973046875