2 0.6234765625 0.72625 0.014453125 0.1096484375
2 0.47 0.6922265625 0.038359375 0.1335546875
5 0.5090625 0.5656640625 0.0337890625 0.0964453125
5 0.6391015625 0.5426953125 0.0273046875 0.1423828125
1 0.378125 0.537890625 0.02 0.13734375
1 0.459453125 0.521328125 0.0337890625 0.133671875
0 0.7641015625 0.6058984375 0.0199609375 0.08953125
4 0.7645703125 0.7170703125 0.0484375 0.0729296875
0 0.6873828125 0.5854296875 0.022734375 0.108359375
0 0.7264453125 0.602421875 0.021796875 0.10375
5 0.419453125 0.702109375 0.0291796875 0.121171875