4 0.170859375 0.448515625 0.0375 0.128671875
4 0.8261328125 0.460703125 0.0429296875 0.0565234375
4 0.820390625 0.67296875 0.0727734375 0.095
4 0.1777734375 0.6430859375 0.042109375 0.0812109375
1 0.4084375 0.5371875 0.04390625 0.1130078125
3 0.4964453125 0.522265625 0.0406640625 0.1244921875
3 0.53203125 0.53671875 0.04296875 0.12125
2 0.6014453125 0.5287109375 0.02546875 0.118984375
2 0.650390625 0.5539453125 0.026875 0.1235546875
2 0.660703125 0.69890625 0.0245703125 0.105546875
2 0.5619140625 0.6933984375 0.0199609375 0.112890625
5 0.439453125 0.6803125 0.0369921875 0.1096875
0 0.3523828125 0.53859375 0.023671875 0.088203125
0 0.2747265625 0.5666015625 0.024609375 0.0798828125
0 0.2184375 0.564296875 0.0453125 0.0844921875