0 0.77421875 0.459765625 0.04015625 0.10984375
0 0.793515625 0.5773828125 0.060390625 0.0693359375
2 0.6878125 0.4788671875 0.0328125 0.097421875
3 0.518046875 0.4990625 0.037890625 0.1378125
3 0.462890625 0.498359375 0.0379296875 0.1318359375
2 0.3771875 0.4659765625 0.0365625 0.1268359375
2 0.3369921875 0.475625 0.0434375 0.1185546875
2 0.310546875 0.4979296875 0.041171875 0.103359375
2 0.2544921875 0.4508203125 0.0393359375 0.105703125
0 0.1998046875 0.4439453125 0.049453125 0.0643359375
0 0.17109375 0.3973046875 0.033359375 0.09515625
1 0.4061328125 0.656875 0.0301171875 0.1271484375
0 0.5733984375 0.6853515625 0.03375 0.1105859375
5 0.5426171875 0.680078125 0.018125 0.1689453125
3 0.4615234375 0.667421875 0.0259765625 0.1391015625
3 0.315859375 0.6555078125 0.0195703125 0.0968359375
2 0.36109375 0.6748046875 0.031953125 0.0802734375
1 0.4275 0.479296875 0.031484375 0.1442578125
1 0.6014453125 0.4859765625 0.0438671875 0.134609375