0 0.2554296875 0.4676171875 0.041171875 0.0794921875
1 0.3790234375 0.676640625 0.0218359375 0.120703125
3 0.458984375 0.51859375 0.0346875 0.1171484375
3 0.497109375 0.5206640625 0.0282421875 0.1350390625
1 0.5589453125 0.5155859375 0.0369921875 0.11578125
0 0.6312890625 0.495390625 0.0392578125 0.112109375
1 0.70828125 0.426953125 0.03234375 0.0946875
2 0.591328125 0.6667578125 0.0236328125 0.0963671875
1 0.44703125 0.665390625 0.0291796875 0.1028125
5 0.4952734375 0.661015625 0.0245703125 0.12625
5 0.3643359375 0.5008984375 0.02921875 0.104765625
4 0.7337890625 0.6005859375 0.0512109375 0.092734375
0 0.2735546875 0.6697265625 0.0269140625 0.097734375