0 0.2391015625 0.3444921875 0.0591015625 0.0905859375
5 0.4396875 0.3669921875 0.05125 0.12640625
5 0.5885546875 0.395 0.0365234375 0.1365234375
5 0.53203125 0.3816796875 0.04296875 0.137421875
5 0.6671484375 0.38078125 0.037421875 0.0988671875
5 0.5701953125 0.56796875 0.0365234375 0.12859375
0 0.5123046875 0.6010546875 0.031015625 0.1028515625
1 0.3912109375 0.5783203125 0.0232421875 0.1262890625
0 0.3487109375 0.57671875 0.0347265625 0.1001171875
0 0.2751953125 0.5502734375 0.0347265625 0.0978125
0 0.218203125 0.51125 0.0310546875 0.065703125