3 0.5108984375 0.5314453125 0.0374609375 0.10609375
1 0.4532421875 0.5431640625 0.0278125 0.0973828125
0 0.3880078125 0.5121484375 0.044375 0.12265625
0 0.2827734375 0.5273046875 0.0453125 0.1437890625
0 0.726640625 0.5319140625 0.0507421875 0.079453125
1 0.7255078125 0.6711328125 0.053046875 0.091328125
2 0.621875 0.695 0.0250390625 0.10234375
5 0.6253515625 0.52640625 0.0365234375 0.086796875
1 0.5621484375 0.544296875 0.03421875 0.1318359375
1 0.4523046875 0.5507421875 0.0443359375 0.1262890625
5 0.494375 0.6281640625 0.0594921875 0.1294921875