0 0.7971875 0.3711328125 0.0493359375 0.107109375
0 0.793984375 0.5969140625 0.052109375 0.10375
2 0.665546875 0.676640625 0.0480078125 0.120703125
5 0.5584765625 0.679609375 0.045234375 0.122109375
1 0.4176171875 0.6699609375 0.04390625 0.1855078125
2 0.3326171875 0.6803125 0.0301171875 0.128046875
2 0.288046875 0.64171875 0.0237109375 0.1244140625
1 0.2280859375 0.596015625 0.0554296875 0.1203125
0 0.23265625 0.388125 0.0278515625 0.1135546875
2 0.3978515625 0.4253125 0.0503515625 0.1419921875
1 0.52125 0.4965234375 0.053515625 0.164921875
5 0.5773046875 0.457265625 0.01859375 0.1369140625
5 0.6078515625 0.4616015625 0.038359375 0.1686328125
3 0.650625 0.459765625 0.022734375 0.1465625
3 0.6942578125 0.45703125 0.0089453125 0.1410546875
3 0.742734375 0.4131640625 0.0185546875 0.140625