2 0.241171875 0.36515625 0.021875 0.1411328125
2 0.5499609375 0.4581640625 0.0328515625 0.19390625
3 0.5113671875 0.545 0.0365234375 0.141484375
2 0.4095703125 0.5103125 0.023203125 0.1557421875
1 0.33171875 0.4565625 0.02828125 0.1493359375
1 0.2041796875 0.552578125 0.044375 0.13
0 0.7441015625 0.371796875 0.04890625 0.131484375
1 0.69953125 0.4696484375 0.0424609375 0.097421875
0 0.758359375 0.6237890625 0.0314453125 0.0977734375
2 0.6122265625 0.756796875 0.03328125 0.09265625
2 0.4098046875 0.7305859375 0.0191015625 0.1597265625