5 0.2705859375 0.5248046875 0.025546875 0.1157421875
5 0.334921875 0.5123828125 0.04390625 0.118515625
5 0.4144140625 0.5006640625 0.02828125 0.1088671875
5 0.53640625 0.53375 0.01953125 0.13828125
5 0.630859375 0.5194921875 0.029140625 0.13734375
1 0.6253515625 0.690390625 0.0365234375 0.1115234375
5 0.4449609375 0.690625 0.0296484375 0.1257421875
4 0.412109375 0.69453125 0.0328515625 0.14734375
5 0.5506640625 0.691796875 0.0571875 0.1418359375
0 0.723203125 0.649765625 0.0392578125 0.0715625
4 0.7208984375 0.5275390625 0.02546875 0.102890625