4 0.7926171875 0.4637109375 0.04015625 0.0946484375
4 0.801796875 0.6973046875 0.04015625 0.1344921875
4 0.2315234375 0.69203125 0.03015625 0.1376953125
4 0.2666796875 0.4898828125 0.02234375 0.10109375
2 0.4658984375 0.5165234375 0.0208984375 0.1359765625
4 0.39765625 0.551875 0.03609375 0.16078125
4 0.477578125 0.6901953125 0.030546875 0.1340234375
5 0.6094921875 0.7007421875 0.046171875 0.1459765625
5 0.653359375 0.713125 0.0282421875 0.1615625
2 0.6016796875 0.5284765625 0.0213671875 0.15984375
2 0.52078125 0.52890625 0.0250390625 0.11484375
2 0.5508984375 0.526640625 0.0346875 0.156171875