0 0.2184375 0.4356640625 0.03796875 0.121328125
0 0.4029296875 0.491015625 0.032890625 0.1171484375
3 0.4373828125 0.517890625 0.0190625 0.12953125
3 0.482421875 0.532578125 0.035625 0.1589453125
3 0.5279296875 0.545234375 0.0255078125 0.1704296875
2 0.5745703125 0.506640625 0.0314453125 0.1667578125
5 0.633828125 0.4930859375 0.0673046875 0.1901953125
0 0.7376953125 0.4439453125 0.036015625 0.1194921875
0 0.8036328125 0.421640625 0.02546875 0.097890625
2 0.839453125 0.3660546875 0.0419921875 0.1062109375
0 0.800625 0.621484375 0.0424609375 0.1023828125
2 0.638203125 0.7014453125 0.02546875 0.1151953125
2 0.559375 0.726015625 0.0287109375 0.1137890625
2 0.5359375 0.7391015625 0.0278125 0.0986328125
1 0.4978125 0.7175 0.03421875 0.1565234375
5 0.3597265625 0.690625 0.0383984375 0.1257421875
0 0.2205078125 0.6394140625 0.0632421875 0.1473828125
0 0.155 0.58359375 0.0287890625 0.086328125