5 0.450703125 0.41359375 0.062265625 0.18015625
5 0.587890625 0.4305859375 0.04890625 0.175546875
2 0.6634765625 0.4453125 0.030078125 0.113046875
2 0.7098828125 0.45609375 0.021796875 0.13921875
2 0.7503125 0.4248828125 0.029140625 0.09515625
1 0.2565625 0.4044140625 0.0205078125 0.113984375
2 0.3870703125 0.432890625 0.024140625 0.152578125
1 0.5655859375 0.6334375 0.045703125 0.1630078125
0 0.378125 0.614375 0.02734375 0.153359375
1 0.5235546875 0.6281640625 0.030546875 0.1662109375
5 0.4532421875 0.6316015625 0.0278125 0.1776953125
0 0.2505859375 0.5367578125 0.0361328125 0.0661328125