0 0.15203125 0.3550390625 0.0273828125 0.1208984375
1 0.454375 0.50296875 0.062265625 0.1777734375
3 0.5145703125 0.505703125 0.02640625 0.164921875
5 0.5534375 0.498359375 0.0259375 0.150234375
2 0.5977734375 0.4889453125 0.018125 0.154375
2 0.7066796875 0.4432421875 0.02453125 0.1502734375
0 0.765703125 0.406484375 0.0277734375 0.09515625
1 0.5777734375 0.6628515625 0.0287109375 0.129921875
1 0.6351953125 0.6467578125 0.0425 0.1437109375
1 0.3838671875 0.67109375 0.0452734375 0.1280859375
2 0.326875 0.6435546875 0.0232421875 0.1097265625
4 0.2071875 0.57625 0.0273828125 0.108359375
4 0.158671875 0.5211328125 0.0544921875 0.05328125