2 0.3255078125 0.38078125 0.0112890625 0.1172265625
2 0.2928515625 0.380546875 0.010390625 0.1397265625
2 0.2253125 0.3550390625 0.0315234375 0.1208984375
0 0.20671875 0.51859375 0.072421875 0.09875
5 0.4486328125 0.6311328125 0.0369921875 0.14921875
3 0.4640234375 0.44046875 0.0172265625 0.163125
3 0.5380078125 0.468046875 0.045703125 0.181484375
5 0.5658203125 0.444609375 0.023203125 0.143828125
1 0.6593359375 0.4521875 0.0346875 0.13234375
2 0.699765625 0.4000390625 0.0199609375 0.137421875
2 0.755625 0.3867578125 0.0259375 0.1016015625
0 0.82015625 0.3704296875 0.04015625 0.101171875
0 0.80109375 0.56109375 0.052578125 0.0688671875
2 0.676796875 0.63 0.029140625 0.114765625