0 0.704375 0.4290234375 0.0475390625 0.075859375
1 0.6055859375 0.6594140625 0.0429296875 0.0816796875
2 0.5423828125 0.6789453125 0.022265625 0.097734375
5 0.47875 0.6777734375 0.02828125 0.1000390625
5 0.42359375 0.522265625 0.02828125 0.10609375
2 0.365 0.5011328125 0.016796875 0.100625
3 0.50125 0.5197265625 0.02734375 0.133203125
4 0.5646875 0.522265625 0.0255078125 0.1244921875
5 0.6234765625 0.5050390625 0.0328515625 0.103828125
4 0.2586328125 0.56453125 0.0383984375 0.09875
4 0.3523828125 0.640546875 0.0420703125 0.12671875