2 0.428984375 0.5048046875 0.0216015625 0.181484375
3 0.508046875 0.5385546875 0.0142578125 0.180078125
3 0.5401953125 0.537890625 0.0234375 0.1741015625
1 0.5794921875 0.521328125 0.0330859375 0.12265625
1 0.663359375 0.4678125 0.03078125 0.1305078125
1 0.7137109375 0.3982421875 0.0625 0.0969921875
1 0.7674609375 0.607734375 0.0321875 0.1115625
4 0.2369140625 0.3706640625 0.07859375 0.09703125
4 0.242890625 0.5973828125 0.0262109375 0.0955078125
4 0.359609375 0.729453125 0.0206640625 0.143671875
4 0.39109375 0.7691796875 0.0055078125 0.145
4 0.6183203125 0.75609375 0.0326171875 0.1234375
0 0.317109375 0.4908203125 0.0321875 0.066171875
0 0.273671875 0.473125 0.0234375 0.0721484375
5 0.60640625 0.48390625 0.00875 0.135078125