4 0.2280859375 0.276015625 0.03703125 0.0915625
4 0.1814453125 0.56453125 0.049453125 0.09875
4 0.7530859375 0.30359375 0.0346484375 0.0915625
4 0.786171875 0.5516796875 0.0273046875 0.1281640625
2 0.61890625 0.42671875 0.04203125 0.1171875
2 0.563515625 0.41890625 0.0277734375 0.11078125
3 0.4994140625 0.4505859375 0.023671875 0.0914453125
5 0.42703125 0.4349609375 0.039765625 0.0969921875
0 0.3530859375 0.4166015625 0.0296484375 0.1153515625
0 0.2894140625 0.4423046875 0.0430078125 0.1153515625
0 0.24484375 0.4092578125 0.02921875 0.06390625
1 0.29125 0.6012890625 0.0393359375 0.0987109375
1 0.3912109375 0.603359375 0.0232421875 0.116640625
3 0.4615234375 0.6357421875 0.0259765625 0.084921875