1 0.42453125 0.49125 0.0484765625 0.1681640625
2 0.5589453125 0.4664453125 0.0369921875 0.10015625
0 0.646015625 0.4928515625 0.0319140625 0.1024609375
0 0.7057421875 0.5008984375 0.04109375 0.104765625
4 0.782734375 0.4237109375 0.0341796875 0.1341796875
1 0.726640625 0.6364453125 0.03234375 0.1092578125
1 0.58765625 0.6582421875 0.0346875 0.1207421875
5 0.48265625 0.6725 0.031484375 0.14
5 0.4251953125 0.6545703125 0.054453125 0.1317578125
4 0.2087890625 0.6076953125 0.05359375 0.1299609375
2 0.35078125 0.4786328125 0.0342578125 0.1015625