1 0.2878125 0.3348046875 0.0278515625 0.117265625
0 0.241171875 0.337578125 0.021875 0.1227734375
5 0.400390625 0.345859375 0.06 0.139296875
3 0.4888671875 0.3348046875 0.0301171875 0.1540234375
3 0.537578125 0.356171875 0.035625 0.155390625
5 0.6366015625 0.3430859375 0.0360546875 0.18890625
5 0.7052734375 0.383515625 0.0309765625 0.1411328125
2 0.769609375 0.367421875 0.0309765625 0.1365234375
4 0.824765625 0.584296875 0.0493359375 0.0923046875
1 0.7186328125 0.626796875 0.030078125 0.1175390625
1 0.6326953125 0.59578125 0.0328515625 0.1428125
5 0.5465234375 0.575078125 0.0397265625 0.147421875
3 0.4934375 0.5498046875 0.039296875 0.1612109375
1 0.388203125 0.56109375 0.05859375 0.1607421875
4 0.1926953125 0.5429296875 0.048984375 0.1198828125