2 0.3771875 0.3286328125 0.0181640625 0.13703125
2 0.404765625 0.32078125 0.0365625 0.185703125
2 0.45140625 0.330234375 0.024140625 0.1815625
0 0.2184375 0.3162109375 0.0269140625 0.0846484375
0 0.255859375 0.3281640625 0.032890625 0.108515625
3 0.5033203125 0.3557421875 0.026875 0.0901171875
3 0.5428515625 0.34171875 0.0323828125 0.140234375
4 0.587421875 0.338046875 0.038828125 0.132890625
1 0.7103515625 0.5596875 0.0502734375 0.1304296875
1 0.622578125 0.583828125 0.031015625 0.1189453125
2 0.5759375 0.6012890625 0.0433984375 0.1170703125
3 0.5187109375 0.590703125 0.0255078125 0.0867578125
3 0.493203125 0.598515625 0.0250390625 0.1115625
2 0.42890625 0.5778515625 0.0250390625 0.116171875
2 0.2735546875 0.5436328125 0.0453125 0.0891015625