1 0.3101171875 0.4813671875 0.0310546875 0.088671875
5 0.52953125 0.5119140625 0.0333203125 0.126796875
1 0.466328125 0.5316796875 0.038359375 0.09828125
0 0.7301171875 0.5140234375 0.02546875 0.0528125
4 0.7613671875 0.634609375 0.0328125 0.068828125
1 0.3 0.607734375 0.047578125 0.093203125
2 0.613828125 0.529609375 0.022734375 0.102421875
2 0.6391015625 0.5358203125 0.0309765625 0.123125
2 0.5855859375 0.5199609375 0.02 0.1658203125
5 0.4621875 0.6499609375 0.039296875 0.115234375
5 0.5230859375 0.656171875 0.0204296875 0.121171875
1 0.6940234375 0.64609375 0.0314453125 0.0826171875
1 0.6253515625 0.67296875 0.0365234375 0.095
2 0.39375 0.4974609375 0.0144921875 0.111640625