0 0.2632421875 0.46921875 0.02921875 0.105703125
0 0.2124609375 0.47703125 0.0425390625 0.0753515625
2 0.3459375 0.51765625 0.02921875 0.1153125
3 0.4229296875 0.5424609375 0.0223046875 0.1281640625
3 0.518046875 0.55765625 0.01953125 0.1125390625
3 0.5694921875 0.540390625 0.0121484375 0.12859375
3 0.847734375 0.6178125 0.0217578125 0.076640625
0 0.8233984375 0.4092578125 0.0190234375 0.1006640625
1 0.790546875 0.4473828125 0.0222265625 0.112578125
1 0.342265625 0.7234765625 0.040234375 0.1225390625
1 0.2630078125 0.691328125 0.05171875 0.0949609375
0 0.195234375 0.642421875 0.0402734375 0.0936328125