3 0.5201171875 0.5387890625 0.0190625 0.1575390625
3 0.4847265625 0.559921875 0.031015625 0.1262890625
0 0.4339453125 0.5314453125 0.0443359375 0.16125
0 0.3884375 0.52984375 0.03609375 0.1350390625
0 0.2965625 0.5509765625 0.03609375 0.1221875
0 0.24046875 0.53421875 0.0342578125 0.1116015625
2 0.475546875 0.68765625 0.031015625 0.106015625
1 0.6910546875 0.7071875 0.030078125 0.1220703125
1 0.7714453125 0.6938671875 0.01625 0.08625
2 0.66578125 0.5314453125 0.02546875 0.10609375
0 0.712421875 0.5824609375 0.013046875 0.1253515625
0 0.7445703125 0.5773828125 0.022265625 0.10609375
0 0.790546875 0.5468359375 0.0222265625 0.06796875
0 0.326640625 0.6938671875 0.0273828125 0.08625
0 0.2521875 0.679375 0.04390625 0.0894921875
0 0.21015625 0.636875 0.0471484375 0.0826171875