4 0.249921875 0.30703125 0.03015625 0.103046875
0 0.758359375 0.3853515625 0.0314453125 0.0896484375
4 0.810078125 0.5941796875 0.0383203125 0.116640625
4 0.190390625 0.610703125 0.05359375 0.0945703125
1 0.412578125 0.6472265625 0.024609375 0.1170703125
5 0.5915625 0.6334375 0.0562890625 0.1630078125
5 0.574765625 0.383984375 0.045703125 0.1328515625
2 0.638203125 0.365390625 0.02546875 0.1186328125
2 0.6830078125 0.387421875 0.0277734375 0.0891796875
3 0.5003515625 0.384453125 0.007109375 0.1245703125
5 0.41578125 0.360546875 0.040234375 0.1135546875