0 0.21921875 0.4090234375 0.0294140625 0.068046875
0 0.1691015625 0.5858984375 0.0303125 0.08171875
1 0.74953125 0.4512890625 0.02390625 0.0790625
4 0.7918359375 0.58890625 0.034921875 0.0647265625
2 0.559296875 0.7593359375 0.0294140625 0.1390234375
3 0.45015625 0.575546875 0.027109375 0.102421875
5 0.5365234375 0.5507421875 0.027109375 0.126328125
1 0.3773046875 0.4946875 0.0330859375 0.1244921875
0 0.2690625 0.445078125 0.0326171875 0.0804296875
0 0.21875 0.656640625 0.0523828125 0.090859375
1 0.36421875 0.753125 0.0298828125 0.12203125