4 0.2889453125 0.3780078125 0.0623046875 0.0933203125
4 0.249921875 0.6421875 0.048515625 0.0977734375
4 0.8036328125 0.6272265625 0.0622265625 0.0908984375
4 0.7604296875 0.3984375 0.0493359375 0.0928515625
4 0.6983984375 0.5078125 0.02640625 0.0909765625
2 0.653828125 0.492421875 0.038359375 0.073984375
2 0.5281640625 0.5243359375 0.0213671875 0.16078125
1 0.4964453125 0.510078125 0.0223046875 0.123125
5 0.4415234375 0.5048046875 0.0365234375 0.126328125
5 0.5279296875 0.6890234375 0.0438671875 0.0995703125
2 0.594296875 0.683046875 0.0250390625 0.0784375
0 0.405234375 0.691796875 0.02828125 0.1234765625
2 0.6253515625 0.698671875 0.018125 0.1096875