4 0.27171875 0.38375 0.041640625 0.0818359375
4 0.758359375 0.41015625 0.0498046875 0.1025
4 0.794453125 0.6352734375 0.043828125 0.0748046875
4 0.2317578125 0.6587109375 0.044375 0.1124609375
1 0.49046875 0.5433984375 0.01953125 0.1116015625
1 0.466328125 0.5248046875 0.01265625 0.1157421875
1 0.5584765625 0.5362890625 0.045234375 0.111171875
0 0.675859375 0.6741015625 0.038359375 0.0743359375
0 0.3916796875 0.694296875 0.0149609375 0.1147265625
1 0.47828125 0.70328125 0.0365234375 0.10046875
0 0.3450390625 0.5121484375 0.0273828125 0.0858984375