5 0.62578125 0.484609375 0.0282421875 0.12265625
2 0.411875 0.4591015625 0.0186328125 0.140625
0 0.2375 0.3968359375 0.0512890625 0.121796875
1 0.758125 0.4579296875 0.0355859375 0.1061328125
1 0.54078125 0.5077734375 0.0328515625 0.14609375
2 0.36203125 0.6437890625 0.0264453125 0.1239453125
4 0.206015625 0.640078125 0.0517578125 0.1019140625
2 0.5378125 0.683984375 0.031484375 0.1354296875
0 0.7025390625 0.676640625 0.0438671875 0.10234375
2 0.43671875 0.4808984375 0.031484375 0.1520703125
2 0.3404296875 0.4351953125 0.0365625 0.14796875