0 0.2517578125 0.47171875 0.0154296875 0.1153125
0 0.4073046875 0.5084765625 0.0278125 0.133671875
2 0.467265625 0.4921484375 0.05125 0.1516015625
3 0.524921875 0.5057421875 0.0241015625 0.1281640625
3 0.5272265625 0.510078125 0.037890625 0.1598828125
2 0.57640625 0.4855078125 0.0167578125 0.142890625
5 0.6239453125 0.4652734375 0.0245703125 0.1576171875
5 0.661640625 0.4698828125 0.02640625 0.1300390625
5 0.7675390625 0.495625 0.0314453125 0.0895703125
0 0.8346484375 0.460703125 0.036953125 0.074921875
4 0.7992578125 0.637578125 0.04890625 0.08859375
1 0.4571484375 0.71015625 0.031015625 0.105078125
1 0.5187109375 0.69109375 0.0255078125 0.135859375
1 0.5690234375 0.699375 0.0204296875 0.1523828125
0 0.389609375 0.7207421875 0.0521875 0.0986328125
0 0.3 0.706953125 0.047578125 0.1078515625
1 0.265078125 0.6821484375 0.0512890625 0.095