2 0.4232421875 0.390859375 0.0330859375 0.1558203125
3 0.491484375 0.4014453125 0.0179296875 0.1309765625
3 0.5335546875 0.3961328125 0.0146875 0.152578125
1 0.5758203125 0.3816796875 0.0257421875 0.137421875
1 0.628671875 0.40375 0.011953125 0.12640625
0 0.7362109375 0.4021484375 0.0248046875 0.1001953125
4 0.796640625 0.31828125 0.058359375 0.102578125
1 0.19234375 0.39109375 0.035390625 0.1516796875
4 0.1925390625 0.521796875 0.0496484375 0.114375
3 0.5052734375 0.561328125 0.027109375 0.101484375
1 0.4005078125 0.5861328125 0.0565234375 0.15109375
1 0.323515625 0.58703125 0.026640625 0.116171875