3 0.5023046875 0.4634375 0.0257421875 0.135546875
5 0.461875 0.4476171875 0.0183984375 0.1451953125
5 0.4168359375 0.4478515625 0.03859375 0.1043359375
5 0.37453125 0.4398046875 0.027578125 0.0836328125
0 0.297109375 0.467578125 0.024375 0.11625
0 0.2433203125 0.4207421875 0.0179296875 0.0776953125
1 0.2959375 0.610234375 0.0450390625 0.1028515625
5 0.60984375 0.6594140625 0.03859375 0.1184375
2 0.7562109375 0.680078125 0.051015625 0.113828125
2 0.7879296875 0.4749609375 0.03171875 0.0758203125
5 0.632109375 0.4616015625 0.0234375 0.131875
5 0.5806640625 0.4818359375 0.0491796875 0.135546875