5 0.5701953125 0.518359375 0.0365234375 0.158046875
5 0.71171875 0.495390625 0.0438671875 0.0753515625
5 0.770546875 0.4742578125 0.0512109375 0.0882421875
1 0.6326953125 0.5259375 0.0328515625 0.1134765625
1 0.4222265625 0.672265625 0.0530859375 0.1073828125
1 0.5630859375 0.6890234375 0.0360546875 0.11796875
5 0.4268359375 0.5089453125 0.062265625 0.1437890625
0 0.249453125 0.475625 0.0200390625 0.081796875
0 0.1878515625 0.4669140625 0.025546875 0.0919140625
2 0.2365625 0.6555078125 0.049453125 0.0968359375
4 0.80546875 0.6049609375 0.0475 0.0876953125