0 0.2976953125 0.4317578125 0.0337890625 0.118125
5 0.603046875 0.5048046875 0.03328125 0.1630859375
5 0.6444140625 0.47515625 0.0241015625 0.1635546875
3 0.552734375 0.5169921875 0.0199609375 0.164453125
3 0.498515625 0.513984375 0.0401953125 0.126328125
4 0.42890625 0.491953125 0.0434375 0.1373828125
0 0.75859375 0.468515625 0.0273046875 0.0997265625
0 0.7903125 0.621484375 0.0263671875 0.1207421875
2 0.64234375 0.6674609375 0.0429296875 0.083984375
5 0.580546875 0.6623828125 0.03421875 0.1014453125
5 0.5301953125 0.65640625 0.05765625 0.1170703125
1 0.424765625 0.6534375 0.0259765625 0.1340625
0 0.3758203125 0.634609375 0.024609375 0.0871875
0 0.29265625 0.6109375 0.0512890625 0.0904296875
4 0.2556640625 0.5480078125 0.03703125 0.0840625