0 0.7535546875 0.3933984375 0.0080078125 0.1103125
2 0.330546875 0.4092578125 0.0305859375 0.15578125
2 0.4073046875 0.449453125 0.0462109375 0.167265625
2 0.5226171875 0.48 0.0287109375 0.150234375
2 0.5748046875 0.4634375 0.02734375 0.1723046875
0 0.6207421875 0.45609375 0.0273046875 0.212734375
0 0.7590625 0.6506640625 0.037421875 0.1285546875
0 0.6071875 0.698203125 0.0323828125 0.1179296875
0 0.4266015625 0.695234375 0.048046875 0.1349609375
0 0.351015625 0.649296875 0.0301171875 0.153359375
0 0.30828125 0.63390625 0.0457421875 0.1363671875
0 0.2462109375 0.6088671875 0.0227734375 0.1092578125
3 0.5033203125 0.484609375 0.026875 0.12265625
0 0.2388671875 0.3770703125 0.026484375 0.1282421875