0 0.2120703125 0.3814453125 0.0289453125 0.1048046875
2 0.3929296875 0.4349609375 0.027578125 0.17046875
3 0.465546875 0.4666796875 0.0257421875 0.151171875
5 0.5574609375 0.4542578125 0.0294140625 0.1833203125
2 0.625703125 0.45359375 0.0289453125 0.1295703125
2 0.6969140625 0.429921875 0.01515625 0.0960546875
4 0.7486328125 0.5622265625 0.058828125 0.0849609375
2 0.5519140625 0.6821484375 0.0330859375 0.1501171875
2 0.410859375 0.6784765625 0.035859375 0.1427734375
0 0.2908984375 0.610703125 0.0257421875 0.0945703125
0 0.2212890625 0.5819921875 0.04734375 0.096875
1 0.1693359375 0.518828125 0.0445703125 0.094609375