4 0.2080859375 0.4625390625 0.0476171875 0.096953125
4 0.18234375 0.5826953125 0.0512890625 0.1028515625
0 0.8261328125 0.44671875 0.02453125 0.051484375
0 0.8385546875 0.5785546875 0.04015625 0.085390625
0 0.7390625 0.5280078125 0.029609375 0.0578515625
0 0.731484375 0.6288671875 0.037421875 0.0987109375
0 0.7836328125 0.6153125 0.036015625 0.10375
0 0.6393359375 0.690859375 0.0415625 0.121640625
2 0.6055859375 0.706015625 0.0245703125 0.1059765625
1 0.561015625 0.7078515625 0.0365234375 0.1096875
5 0.5784765625 0.5314453125 0.0346875 0.1428515625
3 0.5221875 0.54984375 0.0369921875 0.1428515625
3 0.4796484375 0.5541796875 0.0301171875 0.156171875
2 0.4058984375 0.540390625 0.0342578125 0.12859375
5 0.373515625 0.5387890625 0.047578125 0.1575390625