0 0.20625 0.3704296875 0.0439453125 0.0827734375
0 0.18234375 0.521328125 0.0512890625 0.141015625
1 0.3714453125 0.694765625 0.048046875 0.143203125
2 0.5582421875 0.6858203125 0.0677734375 0.1391015625
2 0.653828125 0.6924609375 0.05671875 0.129453125
0 0.770546875 0.569140625 0.0512109375 0.1079296875
0 0.7677734375 0.4085546875 0.0640625 0.1130859375
2 0.6285546875 0.4498828125 0.03375 0.140625
1 0.5472265625 0.46046875 0.045703125 0.1709375
3 0.4571484375 0.464140625 0.0494140625 0.1598828125
5 0.4185546875 0.4459765625 0.0457421875 0.15578125