4 0.2784765625 0.3283984375 0.046875 0.1227734375
4 0.2408203125 0.656171875 0.0634375 0.084453125
4 0.7755078125 0.3481640625 0.0528515625 0.09796875
4 0.7874609375 0.664921875 0.058359375 0.0926953125
1 0.60890625 0.6741015625 0.0367578125 0.129453125
1 0.632109375 0.4969921875 0.0234375 0.119921875
3 0.5845703125 0.4825390625 0.0340234375 0.123125
3 0.53078125 0.4891796875 0.027578125 0.131875
1 0.4712890625 0.4806640625 0.0326171875 0.1562109375
5 0.4827734375 0.6437890625 0.028046875 0.1239453125
0 0.413125 0.4453125 0.03125 0.113046875