0 0.28484375 0.3587109375 0.0264453125 0.1098828125
0 0.428671875 0.325625 0.0291796875 0.0988671875
5 0.63453125 0.3127734375 0.018125 0.1650390625
0 0.7374609375 0.337578125 0.021796875 0.1227734375
0 0.7572265625 0.33296875 0.03375 0.0951953125
3 0.5281640625 0.4733203125 0.0213671875 0.123125
3 0.5690234375 0.4705859375 0.0204296875 0.136015625
3 0.5462890625 0.337578125 0.0255078125 0.1227734375
3 0.5113671875 0.3352734375 0.0291796875 0.108984375
5 0.467734375 0.3173828125 0.0245703125 0.1007421875
5 0.3565234375 0.507578125 0.05953125 0.1134765625
0 0.303203125 0.5016015625 0.04484375 0.09234375
2 0.3873046875 0.341015625 0.0567578125 0.0975