0 0.24484375 0.399140625 0.02921875 0.1355859375
5 0.3831640625 0.4358984375 0.039296875 0.190703125
3 0.486328125 0.526171875 0.038828125 0.1828125
3 0.521953125 0.537890625 0.022734375 0.1741015625
5 0.5538671875 0.498359375 0.0360546875 0.1869921875
0 0.6156640625 0.5155859375 0.02640625 0.11578125
1 0.6575 0.48640625 0.0273046875 0.1447265625
0 0.7103515625 0.452421875 0.0319140625 0.113515625
0 0.754453125 0.3887890625 0.028203125 0.1011328125
4 0.7825 0.5541796875 0.0383203125 0.1010546875
2 0.3980859375 0.718203125 0.0278125 0.1257421875
0 0.2866796875 0.660078125 0.0301171875 0.08765625
1 0.582578125 0.730625 0.03375 0.12296875
2 0.5086328125 0.7253125 0.023671875 0.1078125
0 0.2521875 0.629296875 0.025546875 0.1087890625
1 0.2005078125 0.5470703125 0.03703125 0.1079296875