2 0.3394921875 0.42671875 0.0347265625 0.1171875
5 0.459921875 0.4315234375 0.0365234375 0.158984375
3 0.5334375 0.4420703125 0.0181640625 0.1709375
5 0.5619140625 0.4425390625 0.0199609375 0.1258984375
5 0.6319921875 0.4620703125 0.0084765625 0.17875
0 0.7503125 0.4630078125 0.0107421875 0.1070703125
4 0.8185546875 0.5978515625 0.0507421875 0.1055859375
4 0.2586328125 0.65640625 0.0383984375 0.1354296875
1 0.4776171875 0.6784375 0.0121875 0.17953125
2 0.613828125 0.668359375 0.022734375 0.159296875
0 0.7025390625 0.660078125 0.0438671875 0.106015625
1 0.4419921875 0.6729296875 0.02828125 0.168515625
0 0.2972265625 0.4694140625 0.0420703125 0.1015625