0 0.2788671875 0.4202734375 0.0237109375 0.0859765625
0 0.3257421875 0.44140625 0.025546875 0.0914453125
4 0.2664453125 0.5082421875 0.0632421875 0.0826953125
4 0.288515625 0.6051953125 0.0521875 0.1129296875
2 0.40796875 0.6134765625 0.015390625 0.100078125
3 0.520546875 0.464140625 0.0291796875 0.1231640625
3 0.4957421875 0.4508203125 0.0346875 0.105703125
1 0.4573828125 0.4515234375 0.026875 0.1116796875
0 0.3723828125 0.453359375 0.013125 0.096953125
0 0.63359375 0.456796875 0.0162890625 0.1084375
0 0.6715234375 0.449453125 0.0323828125 0.09375
0 0.7181640625 0.442578125 0.0383203125 0.0891796875
2 0.6453125 0.61140625 0.0259375 0.0821484375
2 0.5853515625 0.6348046875 0.0392578125 0.1014453125
3 0.5352734375 0.6201171875 0.0218359375 0.1087890625
1 0.571796875 0.4437109375 0.0259375 0.1236328125