5 0.6469140625 0.3963671875 0.03375 0.1851953125
5 0.73125 0.4312890625 0.0415625 0.1263671875
4 0.813515625 0.6887890625 0.068203125 0.1220703125
4 0.24875 0.7037109375 0.06921875 0.128984375
4 0.4537109375 0.648828125 0.0379296875 0.1616015625
2 0.47 0.433125 0.038359375 0.1116796875
0 0.4066015625 0.409921875 0.040234375 0.125
0 0.3023046875 0.4351953125 0.0613671875 0.129609375
3 0.5738671875 0.617578125 0.0438671875 0.17265625
3 0.5325 0.4119921875 0.0346875 0.161328125
3 0.590390625 0.4398046875 0.0401953125 0.120390625
3 0.6519921875 0.6394140625 0.0346875 0.110625