0 0.233828125 0.51515625 0.025546875 0.1056640625
5 0.42453125 0.491953125 0.0301171875 0.1373828125
4 0.5497265625 0.533046875 0.0369921875 0.11390625
0 0.7013671875 0.5201953125 0.0277734375 0.088203125
0 0.708984375 0.6701953125 0.0383203125 0.0894921875
2 0.584453125 0.68765625 0.037421875 0.106015625
2 0.5267578125 0.680078125 0.0278125 0.0954296875
5 0.43921875 0.70671875 0.0411328125 0.111953125
2 0.365703125 0.68671875 0.0227734375 0.1041796875
1 0.271484375 0.6623828125 0.0273828125 0.1014453125
3 0.4925390625 0.525234375 0.0374609375 0.1075
3 0.455078125 0.523203125 0.031484375 0.1079296875
0 0.31515625 0.5323828125 0.031953125 0.071171875
1 0.273359375 0.5360546875 0.0310546875 0.1152734375