4 0.2669140625 0.3616796875 0.0549609375 0.1296484375
4 0.74296875 0.3577734375 0.0328125 0.199921875
4 0.7558203125 0.6462890625 0.0585546875 0.115234375
5 0.5941015625 0.641953125 0.0291796875 0.1202734375
3 0.48953125 0.57625 0.0176953125 0.108359375
2 0.4424609375 0.59875 0.0383984375 0.1441796875
2 0.2747265625 0.571640625 0.0430078125 0.0991796875
5 0.4419921875 0.405546875 0.02828125 0.1668359375
3 0.510234375 0.4166015625 0.0130859375 0.13375
2 0.5541015625 0.4283203125 0.0319140625 0.1801171875
5 0.610625 0.4133984375 0.02546875 0.136484375