0 0.255859375 0.4476171875 0.032890625 0.1084375
2 0.537578125 0.464375 0.035625 0.15578125
0 0.692421875 0.46140625 0.04203125 0.1176171875
4 0.7234375 0.607734375 0.0351171875 0.1115625
2 0.590390625 0.6803125 0.021796875 0.1096875
1 0.547890625 0.6701953125 0.014921875 0.12625
1 0.53 0.659609375 0.0250390625 0.13265625
4 0.24828125 0.58703125 0.040703125 0.1125
1 0.529296875 0.459296875 0.0190625 0.1732421875
3 0.490234375 0.46046875 0.04203125 0.097421875
5 0.425 0.4505859375 0.0218359375 0.1649609375