0 0.17453125 0.3968359375 0.04484375 0.1034375
3 0.3785546875 0.4965234375 0.048515625 0.1465625
3 0.435546875 0.50640625 0.0337890625 0.1525390625
5 0.5083984375 0.5084765625 0.0278125 0.1704296875
5 0.567421875 0.49515625 0.031015625 0.1530078125
0 0.634296875 0.4554296875 0.0406640625 0.1332421875
0 0.6832421875 0.4579296875 0.0236328125 0.12453125
0 0.7186328125 0.4122265625 0.0484375 0.1204296875
0 0.7815625 0.3931640625 0.036484375 0.1328515625
0 0.777890625 0.5480078125 0.029140625 0.102421875
1 0.504921875 0.6543359375 0.0530859375 0.1175
4 0.446796875 0.664921875 0.0333203125 0.129453125
2 0.3792578125 0.65640625 0.0176953125 0.1170703125
2 0.3162890625 0.634375 0.048046875 0.1280859375
4 0.1697265625 0.525703125 0.058203125 0.09921875