0 0.257734375 0.3474609375 0.0365625 0.1103515625
0 0.31125 0.391796875 0.0471484375 0.1208984375
2 0.4183203125 0.3626171875 0.0498828125 0.131484375
5 0.5394140625 0.3828125 0.05765625 0.153515625
2 0.6126953125 0.3816796875 0.0433984375 0.137421875
0 0.6593359375 0.3814453125 0.0309765625 0.1415625
2 0.7799609375 0.576484375 0.0470703125 0.1409765625
1 0.3477734375 0.56796875 0.05125 0.1653515625
2 0.481953125 0.58015625 0.04390625 0.1116015625
0 0.2825390625 0.5548828125 0.0310546875 0.1069921875
4 0.2308203125 0.498359375 0.0241796875 0.1134765625
3 0.4798828125 0.3725 0.0259765625 0.1190625