0 0.3174609375 0.5167578125 0.0457421875 0.1318359375
2 0.419453125 0.529609375 0.0659375 0.1391796875
5 0.5134375 0.5640625 0.047109375 0.1621484375
2 0.5846484375 0.549140625 0.0333203125 0.118515625
2 0.6405078125 0.529609375 0.0208984375 0.157578125
5 0.68140625 0.5346484375 0.0383203125 0.1584765625
5 0.758828125 0.507109375 0.0231640625 0.103359375
0 0.786171875 0.49859375 0.0456640625 0.1093359375
0 0.8102734375 0.6472265625 0.052578125 0.098671875
0 0.76984375 0.7002734375 0.045234375 0.0991015625
0 0.7250390625 0.7094921875 0.0429296875 0.1174609375
2 0.6561328125 0.7041796875 0.03375 0.0839453125
1 0.5984375 0.7234765625 0.060859375 0.104140625
1 0.5074609375 0.7175 0.0443359375 0.119765625
0 0.458984375 0.7198046875 0.0346875 0.096796875
0 0.413046875 0.73015625 0.0347265625 0.112890625
2 0.3413671875 0.72578125 0.0383984375 0.0995703125
2 0.2786328125 0.692265625 0.0278515625 0.096796875