0 0.1538671875 0.34953125 0.064140625 0.073125
2 0.5968359375 0.4634375 0.0346875 0.1539453125
3 0.50609375 0.5165234375 0.0323828125 0.172734375
3 0.43234375 0.5470703125 0.0365625 0.13734375
1 0.3519140625 0.471953125 0.0503515625 0.14796875
1 0.30390625 0.4515234375 0.032421875 0.1116796875
0 0.1308984375 0.5362890625 0.021875 0.056015625
0 0.785234375 0.5712109375 0.0805859375 0.1074609375
4 0.7675390625 0.3476953125 0.0498046875 0.1062109375
0 0.708515625 0.406484375 0.0466015625 0.113515625
0 0.6740625 0.5875 0.0052734375 0.00234375
0 0.69265625 0.6476953125 0.037890625 0.0904296875
2 0.6078515625 0.70765625 0.038359375 0.0954296875
2 0.5655859375 0.7087890625 0.045703125 0.093125
3 0.47921875 0.7133984375 0.02 0.1023046875
3 0.206015625 0.61140625 0.0296875 0.0821484375
2 0.318359375 0.6887890625 0.02921875 0.1037109375