0 0.248984375 0.36765625 0.0466796875 0.095625
1 0.42796875 0.509140625 0.00484375 0.1948046875
1 0.47 0.56453125 0.0167578125 0.1722265625
3 0.5028515625 0.56359375 0.03515625 0.170390625
2 0.5780078125 0.5201953125 0.04296875 0.1249609375
1 0.66140625 0.4623046875 0.030546875 0.119453125
0 0.7208984375 0.4131640625 0.043828125 0.140625
0 0.762265625 0.63 0.01625 0.1331640625
1 0.6363671875 0.7184375 0.0401953125 0.1032421875
2 0.41671875 0.795859375 0.0420703125 0.1431640625
2 0.3571875 0.736796875 0.0103515625 0.17671875
0 0.2944921875 0.6490625 0.0365625 0.10234375
0 0.3146875 0.48640625 0.021875 0.1447265625
0 0.2855078125 0.4591015625 0.032421875 0.1222265625
4 0.241171875 0.599453125 0.07703125 0.1133984375