5 0.4742578125 0.329296875 0.0523828125 0.14296875
3 0.5445703125 0.398203125 0.0183984375 0.13375
3 0.577890625 0.376875 0.0252734375 0.1323828125
5 0.66703125 0.39203125 0.038125 0.153515625
0 0.714140625 0.4000390625 0.0174609375 0.1558203125
0 0.7578125 0.3871875 0.0220703125 0.0933203125
1 0.6930078125 0.5505078125 0.0303125 0.1120703125
1 0.5613671875 0.5424609375 0.0289453125 0.109765625
2 0.512421875 0.5431640625 0.027578125 0.134140625
5 0.4296875 0.5270703125 0.027578125 0.1479296875
4 0.3062890625 0.4439453125 0.0611328125 0.082734375