5 0.389140625 0.5077734375 0.023671875 0.14609375
1 0.474140625 0.517421875 0.0374609375 0.119453125
1 0.525625 0.5126171875 0.01171875 0.1327734375
2 0.5706640625 0.502265625 0.0282421875 0.1166796875
5 0.61015625 0.51859375 0.015390625 0.1355078125
0 0.7328515625 0.515390625 0.0126171875 0.1198828125
0 0.7765234375 0.5094140625 0.0171875 0.0436328125
4 0.81671875 0.4158984375 0.04703125 0.1277734375
4 0.8219921875 0.6603125 0.043828125 0.1202734375
4 0.175 0.6759375 0.0366015625 0.133125
2 0.3873046875 0.7119921875 0.02 0.127109375
5 0.4509375 0.6821484375 0.032421875 0.1501171875
2 0.607421875 0.690625 0.0282421875 0.1073828125
0 0.7135546875 0.7117578125 0.0475390625 0.112890625
1 0.7562890625 0.6733984375 0.0502734375 0.1234765625