0 0.26171875 0.418203125 0.0179296875 0.08640625
3 0.4708203125 0.5596875 0.0225 0.1855859375
2 0.3966015625 0.482734375 0.0165625 0.1557421875
2 0.5560546875 0.525703125 0.0321875 0.117578125
0 0.640625 0.482734375 0.0009375 0.1373828125
0 0.68796875 0.4657421875 0.0294140625 0.09421875
0 0.7357421875 0.4237109375 0.0330859375 0.0974609375
0 0.75296875 0.6169140625 0.035390625 0.1115625
3 0.5443359375 0.7315234375 0.0225 0.1248046875
3 0.4857421875 0.7271484375 0.011015625 0.093125
2 0.4117578125 0.7028125 0.0376953125 0.1271484375
2 0.3828125 0.710390625 0.0257421875 0.1376953125
0 0.256875 0.59625 0.0496484375 0.0794140625