2 0.4070703125 0.4432421875 0.031953125 0.1686328125
2 0.560546875 0.4471484375 0.02640625 0.1718359375
0 0.641875 0.465078125 0.0328515625 0.125
0 0.75859375 0.4632421875 0.0456640625 0.1029296875
0 0.804296875 0.453828125 0.0314453125 0.1070703125
4 0.797421875 0.5941796875 0.0451953125 0.0982421875
0 0.1984375 0.4202734375 0.0558984375 0.1226953125
1 0.65265625 0.701875 0.040625 0.16203125
2 0.575703125 0.67984375 0.0291796875 0.136328125
3 0.47484375 0.4652734375 0.0434375 0.1576171875
3 0.517109375 0.4239453125 0.0176953125 0.166796875
1 0.416484375 0.6704296875 0.0278125 0.1772265625
5 0.37375 0.4669140625 0.025078125 0.128671875