2 0.3528515625 0.5425 0.0337890625 0.09140625
0 0.40109375 0.52203125 0.0291796875 0.110234375
3 0.47 0.53671875 0.02 0.12125
3 0.52859375 0.536953125 0.031484375 0.117109375
2 0.5851171875 0.537421875 0.0250390625 0.1088671875
2 0.6483203125 0.545234375 0.0273046875 0.1152734375
0 0.711484375 0.7140625 0.029609375 0.089921875
0 0.4810546875 0.6977734375 0.023671875 0.1262109375
0 0.33078125 0.7071875 0.0264453125 0.066953125
4 0.2202734375 0.492421875 0.048984375 0.09234375
0 0.271953125 0.7014453125 0.0375 0.1151953125
1 0.72828125 0.53328125 0.04015625 0.09140625
1 0.782265625 0.514921875 0.0424609375 0.09140625