0 0.1426171875 0.4241796875 0.0315234375 0.1259375
2 0.3165234375 0.4779296875 0.025546875 0.13234375
5 0.361328125 0.4432421875 0.0278125 0.131875
1 0.44015625 0.5287109375 0.024609375 0.13734375
5 0.5108984375 0.482734375 0.0190625 0.1557421875
0 0.56375 0.5006640625 0.023671875 0.145625
0 0.652890625 0.4593359375 0.0002734375 0.0078515625
5 0.65703125 0.513984375 0.0355859375 0.0895703125
4 0.8571484375 0.6378125 0.0727734375 0.1212109375
0 0.8387890625 0.4326953125 0.036015625 0.1015625
0 0.7767578125 0.4808984375 0.0314453125 0.1153125
2 0.5782421875 0.691796875 0.0204296875 0.105078125
1 0.485625 0.7051171875 0.0144921875 0.104140625
2 0.3716796875 0.6665234375 0.0255078125 0.1188671875
2 0.319296875 0.6462890625 0.01265625 0.0968359375
0 0.249453125 0.638046875 0.0383984375 0.1170703125
0 0.1412109375 0.5470703125 0.03796875 0.0821875