1 0.2591015625 0.5544140625 0.03015625 0.133671875
2 0.3167578125 0.5580859375 0.02140625 0.1226171875
5 0.3919140625 0.550078125 0.0291796875 0.101953125
1 0.5008203125 0.5594921875 0.0172265625 0.1162109375
1 0.598671875 0.55328125 0.038359375 0.117578125
1 0.683671875 0.6706640625 0.052109375 0.0812109375
5 0.594296875 0.7014453125 0.0433984375 0.096796875
1 0.3218359375 0.730390625 0.044375 0.141796875
5 0.413046875 0.7085546875 0.0347265625 0.097265625
5 0.525625 0.71796875 0.030078125 0.1298828125
0 0.4610546875 0.572578125 0.0342578125 0.1194140625