2 0.5638671875 0.456328125 0.020234375 0.135078125
3 0.4791015625 0.5011328125 0.0206640625 0.1373828125
3 0.527109375 0.507109375 0.020234375 0.1217578125
5 0.4512890625 0.463671875 0.0248046875 0.113046875
2 0.394765625 0.4655078125 0.0496484375 0.135078125
1 0.3097265625 0.441875 0.035859375 0.1015625
1 0.2474609375 0.4083203125 0.035390625 0.098828125
1 0.2017578125 0.388125 0.0128515625 0.09515625
1 0.4480859375 0.64859375 0.027578125 0.110625
1 0.60453125 0.6966015625 0.0234375 0.146875
1 0.8062890625 0.60359375 0.050078125 0.0757421875
0 0.781953125 0.4427734375 0.0289453125 0.066640625
0 0.67875 0.4634375 0.0294140625 0.135546875
4 0.1590234375 0.5976171875 0.046875 0.1097265625