1 0.715390625 0.430390625 0.0328125 0.12453125
0 0.75953125 0.615078125 0.0475 0.08953125
0 0.6469140625 0.48734375 0.0153515625 0.0914453125
5 0.57203125 0.480703125 0.021796875 0.119453125
3 0.53203125 0.507109375 0.04296875 0.1217578125
3 0.4847265625 0.5018359375 0.031015625 0.1249609375
1 0.4217578125 0.51765625 0.04296875 0.1153125
0 0.29609375 0.488515625 0.026015625 0.1075
5 0.4019921875 0.6738671875 0.031015625 0.13359375
5 0.4966796875 0.683984375 0.0181640625 0.1537890625
0 0.69171875 0.6665234375 0.0360546875 0.1188671875
0 0.24921875 0.4591015625 0.0425390625 0.08546875