5 0.3846484375 0.52296875 0.0478125 0.13046875
1 0.4673828125 0.5201953125 0.0294140625 0.1065625
1 0.6080078125 0.51765625 0.034921875 0.1153125
5 0.6753125 0.5119140625 0.0179296875 0.1083984375
1 0.3763671875 0.688125 0.0496484375 0.1161328125
4 0.19140625 0.665390625 0.0519140625 0.0844140625
4 0.194375 0.45015625 0.034921875 0.0813671875
4 0.816640625 0.641953125 0.066171875 0.083515625
4 0.807890625 0.43796875 0.057890625 0.0799609375
4 0.7846875 0.5319140625 0.01609375 0.079453125
2 0.6534765625 0.721640625 0.0248046875 0.1188671875
1 0.55078125 0.667421875 0.035390625 0.10234375
0 0.2578125 0.52984375 0.0330859375 0.0615625