5 0.4066015625 0.44046875 0.040234375 0.1263671875
1 0.39234375 0.4864453125 0.039296875 0.10796875
1 0.2944921875 0.4664453125 0.0365625 0.081796875
0 0.2391015625 0.4473828125 0.02234375 0.0758203125
0 0.42359375 0.6922265625 0.026875 0.2070703125
0 0.4959765625 0.498359375 0.030546875 0.1318359375
5 0.560546875 0.484140625 0.0448046875 0.112578125
0 0.7491796875 0.5204296875 0.013046875 0.1208203125
1 0.7955859375 0.686953125 0.0415234375 0.136796875
2 0.623046875 0.7117578125 0.04109375 0.13125
1 0.5306640625 0.669296875 0.0126171875 0.106015625