0 0.19546875 0.383046875 0.0361328125 0.131015625
0 0.1894921875 0.6054296875 0.0517578125 0.116171875
3 0.521484375 0.4818359375 0.0494140625 0.15390625
5 0.568359375 0.4737890625 0.0328515625 0.1332421875
2 0.6565625 0.461171875 0.02546875 0.1217578125
2 0.731015625 0.464609375 0.045703125 0.1148828125
2 0.8151171875 0.591640625 0.03921875 0.1069921875
2 0.5973046875 0.706015625 0.02640625 0.124375
2 0.633828125 0.713359375 0.04890625 0.1390625
5 0.46359375 0.6616796875 0.04390625 0.1322265625
5 0.419921875 0.68671875 0.0209375 0.1041796875
1 0.4422265625 0.51765625 0.031015625 0.133671875
4 0.35859375 0.45703125 0.040703125 0.1226953125
0 0.2466796875 0.65734375 0.032890625 0.11890625