0 0.731171875 0.45265625 0.02390625 0.1461328125
1 0.774375 0.5939453125 0.0183984375 0.12078125
3 0.503203125 0.5544140625 0.027578125 0.15203125
5 0.4071875 0.4967578125 0.0284765625 0.142421875
2 0.3380078125 0.491484375 0.0234375 0.127265625
1 0.246328125 0.467578125 0.019296875 0.1346484375
1 0.2318359375 0.4175 0.0408984375 0.1539453125
1 0.188203125 0.623125 0.0362890625 0.1101953125
1 0.3966015625 0.737265625 0.034921875 0.13171875
2 0.5831640625 0.7207421875 0.0404296875 0.15375
2 0.61765625 0.7078515625 0.0450390625 0.128046875
2 0.7353125 0.6541015625 0.0413671875 0.10328125