5 0.365234375 0.5190625 0.01265625 0.145625
5 0.4141796875 0.50296875 0.032421875 0.1594140625
3 0.467265625 0.510546875 0.0328515625 0.1332421875
3 0.49828125 0.506640625 0.0259765625 0.13
1 0.5152734375 0.51125 0.0323828125 0.1208203125
5 0.606015625 0.5011328125 0.0162890625 0.1557421875
0 0.6988671875 0.457265625 0.036484375 0.1369140625
4 0.7294140625 0.3750390625 0.037890625 0.091953125
1 0.3712109375 0.6525 0.0337890625 0.113828125
1 0.4378515625 0.6787109375 0.0291796875 0.1202734375
0 0.5848828125 0.6733984375 0.0291796875 0.1418359375