1 0.330546875 0.314609375 0.0121875 0.095234375
2 0.455546875 0.34171875 0.023203125 0.1034765625
5 0.5221875 0.3646875 0.0553515625 0.131015625
5 0.58671875 0.3777734375 0.014453125 0.1709765625
5 0.6434765625 0.394296875 0.022265625 0.1673046875
5 0.707109375 0.3897265625 0.0162890625 0.1397265625
0 0.76203125 0.4028125 0.020390625 0.0878125
4 0.7994921875 0.5123828125 0.044765625 0.10015625
2 0.661171875 0.5619921875 0.0162890625 0.1074609375
0 0.576640625 0.5351171875 0.031015625 0.095078125
0 0.51390625 0.52984375 0.0204296875 0.1350390625
5 0.47484375 0.50640625 0.0250390625 0.11578125
0 0.39234375 0.51765625 0.039296875 0.133671875
4 0.32640625 0.4280859375 0.0498828125 0.0923828125