2 0.287109375 0.349296875 0.021875 0.132421875
0 0.3098828125 0.387421875 0.016796875 0.1259375
0 0.372578125 0.40765625 0.02734375 0.11125
5 0.5042578125 0.37890625 0.0287109375 0.1870703125
5 0.5545703125 0.4312890625 0.04203125 0.1998828125
5 0.6361328125 0.42578125 0.0259375 0.152109375
0 0.68921875 0.448515625 0.0080078125 0.1654296875
0 0.7101171875 0.4156640625 0.0360546875 0.113515625
0 0.7604296875 0.37203125 0.0309765625 0.1089453125
0 0.74203125 0.5626953125 0.049375 0.095078125
2 0.5150390625 0.641015625 0.0365234375 0.1368359375
2 0.381796875 0.6040234375 0.02734375 0.177734375
0 0.32203125 0.59828125 0.0365625 0.115703125
4 0.28484375 0.5103125 0.04484375 0.118984375