2 0.275390625 0.482734375 0.0305859375 0.1373828125
2 0.377890625 0.5116796875 0.024140625 0.1676953125
5 0.4334765625 0.51765625 0.0526171875 0.1520703125
1 0.4925390625 0.5309765625 0.0374609375 0.1511328125
0 0.610625 0.5245703125 0.0438671875 0.13828125
0 0.6747265625 0.5133203125 0.029609375 0.1203515625
0 0.7333203125 0.49125 0.059453125 0.0946484375
0 0.7284765625 0.6433203125 0.036015625 0.113828125
0 0.5591796875 0.698671875 0.0328515625 0.128046875
0 0.4734765625 0.676875 0.031484375 0.1165625
4 0.37765625 0.6812109375 0.0466796875 0.0931640625
4 0.24828125 0.6499609375 0.040703125 0.122578125