1 0.31859375 0.406484375 0.025078125 0.168671875
1 0.4024609375 0.422109375 0.0227734375 0.144765625
3 0.516875 0.3941015625 0.0296484375 0.1346875
1 0.5784765625 0.4071875 0.0162890625 0.15625
5 0.629921875 0.425546875 0.0273046875 0.174609375
5 0.69265625 0.4542578125 0.0194921875 0.1539453125
4 0.774921875 0.4276171875 0.0461328125 0.137421875
4 0.699765625 0.6479296875 0.05671875 0.0862890625
5 0.6161328125 0.6272265625 0.0365234375 0.2011328125
5 0.5885546875 0.6187109375 0.0365234375 0.18875
3 0.5246875 0.6035546875 0.0098828125 0.1676171875
5 0.42453125 0.6226171875 0.0484765625 0.17359375
5 0.334453125 0.59875 0.0521875 0.1441796875
5 0.2827734375 0.5470703125 0.0453125 0.13734375