5 0.453125 0.3440234375 0.0284765625 0.135625
3 0.5 0.352265625 0.011953125 0.1337890625
5 0.5546875 0.336640625 0.03859375 0.1209375
0 0.6541796875 0.341953125 0.03078125 0.0809375
1 0.4398046875 0.552109375 0.0294140625 0.156640625
5 0.5719140625 0.540625 0.0225 0.1612109375
0 0.788125 0.4896484375 0.027578125 0.0684765625
2 0.762421875 0.337578125 0.0128515625 0.104375
2 0.7237890625 0.352265625 0.027578125 0.115390625
2 0.3621484375 0.3582421875 0.0487109375 0.08140625
2 0.2830859375 0.3394140625 0.0376953125 0.071328125