0 0.3521484375 0.3890234375 0.0278125 0.115390625
0 0.5380078125 0.5964453125 0.02734375 0.2039453125
1 0.5812109375 0.579921875 0.0218359375 0.1892578125
1 0.5511328125 0.3936328125 0.030546875 0.14296875
1 0.4693359375 0.4053515625 0.032421875 0.115859375
2 0.4084375 0.5847265625 0.0255078125 0.1575390625
5 0.645546875 0.621484375 0.0401953125 0.139140625
5 0.630859375 0.3931640625 0.0475390625 0.1328515625
1 0.4112109375 0.377109375 0.0494140625 0.12828125
0 0.711484375 0.3479296875 0.0480078125 0.12046875
0 0.731953125 0.568671875 0.0475390625 0.0978125
0 0.442890625 0.564765625 0.0301171875 0.1313671875