1 0.4595703125 0.3706640625 0.0413671875 0.1521484375
2 0.3616796875 0.3674609375 0.03859375 0.099765625
0 0.3258203125 0.388828125 0.0404296875 0.0827734375
0 0.278046875 0.4007421875 0.0367578125 0.0698828125
4 0.2286328125 0.296484375 0.0252734375 0.072734375
5 0.553984375 0.353203125 0.051015625 0.1907421875
5 0.620859375 0.359609375 0.02390625 0.1301171875
2 0.645 0.3591796875 0.03078125 0.1016015625
2 0.69484375 0.3598828125 0.0340234375 0.08921875
0 0.7667578125 0.3773046875 0.0445703125 0.1057421875
4 0.80765625 0.592109375 0.043671875 0.0987109375
4 0.21140625 0.6040234375 0.0413671875 0.10421875
5 0.4793359375 0.6054296875 0.034921875 0.13453125
3 0.4896484375 0.36078125 0.0326171875 0.1278125