0 0.2889453125 0.54546875 0.0623046875 0.12953125
5 0.3790234375 0.5346484375 0.040234375 0.12171875
1 0.4612890625 0.5663671875 0.0301171875 0.1391796875
3 0.502421875 0.5617578125 0.0250390625 0.148359375
1 0.544453125 0.55625 0.0218359375 0.155703125
1 0.5973046875 0.5553515625 0.02640625 0.1538671875
1 0.6751953125 0.5753125 0.021328125 0.1065234375
0 0.7208984375 0.5592578125 0.043828125 0.1203125
0 0.7831640625 0.5553515625 0.0258984375 0.0803515625
0 0.6002734375 0.7200390625 0.0277734375 0.1478125
5 0.4525390625 0.717265625 0.040234375 0.12390625
1 0.4256640625 0.7354296875 0.0462109375 0.128046875
0 0.3048046875 0.7312890625 0.0342578125 0.1105859375
0 0.650390625 0.7244140625 0.026875 0.1059765625