3 0.57109375 0.430625 0.038359375 0.1204296875
3 0.533203125 0.4161328125 0.022265625 0.1236328125
2 0.4909375 0.4083203125 0.0296484375 0.1355859375
1 0.4483984375 0.4097265625 0.0411328125 0.11078125
0 0.3907421875 0.4361328125 0.013125 0.113046875
1 0.3480078125 0.4251171875 0.02875 0.091015625
0 0.29265625 0.3936328125 0.032890625 0.1062109375
0 0.6908203125 0.413828125 0.03421875 0.10984375
1 0.797421875 0.380078125 0.0451953125 0.11125
4 0.825 0.5709765625 0.0451953125 0.093203125
4 0.2551953125 0.5695703125 0.063671875 0.0996484375
4 0.4923046875 0.6132421875 0.00484375 0.122578125
2 0.442890625 0.599453125 0.0301171875 0.1133984375
2 0.5513671875 0.59625 0.008046875 0.0978125
4 0.6126953125 0.59046875 0.0433984375 0.1460546875
2 0.692890625 0.618515625 0.03375 0.101015625
5 0.6140625 0.413359375 0.01859375 0.1548828125