5 0.55640625 0.4315234375 0.045703125 0.1773828125
5 0.42703125 0.4321875 0.039765625 0.20171875
2 0.358828125 0.4437109375 0.0365625 0.160390625
0 0.322734375 0.4388671875 0.0425390625 0.1185546875
0 0.2710546875 0.433359375 0.0356640625 0.0891796875
4 0.225546875 0.399140625 0.0273828125 0.0620703125
1 0.420859375 0.6499609375 0.0227734375 0.122578125
1 0.5582421875 0.6715625 0.031015625 0.1565625
0 0.7259765625 0.4400390625 0.0484375 0.1015234375
0 0.762265625 0.621953125 0.0346484375 0.1124609375
0 0.6317578125 0.495625 0.0309765625 0.10796875