0 0.191328125 0.4388671875 0.03703125 0.1185546875
0 0.2478515625 0.47171875 0.0305859375 0.07859375
0 0.2898828125 0.4816015625 0.0273828125 0.066171875
2 0.3284765625 0.49859375 0.0310546875 0.1093359375
3 0.4339453125 0.4997265625 0.0259765625 0.1621875
3 0.483125 0.5133203125 0.0416015625 0.13875
3 0.5812109375 0.4657421875 0.0401953125 0.1309375
0 0.6678515625 0.4749609375 0.0433984375 0.112578125
0 0.7181640625 0.4340625 0.05671875 0.09515625
0 0.7767578125 0.553984375 0.0314453125 0.086796875
2 0.5980078125 0.6391796875 0.0323828125 0.114765625
5 0.4989453125 0.653671875 0.031953125 0.1115234375
4 0.4461328125 0.6430859375 0.0457421875 0.11796875
5 0.3787890625 0.6440234375 0.044375 0.1198046875
0 0.3096484375 0.6387109375 0.0393359375 0.0862890625
0 0.2669140625 0.6166796875 0.0365625 0.0789453125
0 0.20328125 0.58453125 0.0425390625 0.069765625
0 0.653828125 0.623125 0.038359375 0.091796875