0 0.206484375 0.4735546875 0.0398046875 0.082265625
4 0.3870703125 0.45703125 0.024140625 0.1410546875
1 0.516640625 0.471953125 0.0259765625 0.0928125
2 0.5821484375 0.442109375 0.0236328125 0.1158203125
5 0.6083203125 0.4540234375 0.030078125 0.1029296875
0 0.7870703125 0.507578125 0.029140625 0.095078125
0 0.74 0.625390625 0.0498046875 0.1239453125
2 0.5653515625 0.6127734375 0.031484375 0.1125
2 0.5894921875 0.6198828125 0.0199609375 0.1129296875
0 0.630859375 0.618515625 0.01078125 0.119375
3 0.4930078125 0.6022265625 0.0291796875 0.0821875
3 0.466796875 0.61 0.0411328125 0.08859375
2 0.4151171875 0.630703125 0.0342578125 0.1023828125
4 0.3670703125 0.622421875 0.0347265625 0.122578125
0 0.275625 0.6212890625 0.041171875 0.0770703125
0 0.2007421875 0.6010546875 0.032890625 0.06609375