4 0.34859375 0.3828125 0.035390625 0.1719140625
1 0.4554296875 0.395703125 0.02390625 0.160859375
5 0.542265625 0.3892578125 0.02296875 0.2215234375
0 0.26078125 0.3926953125 0.034453125 0.122734375
1 0.2153125 0.3782421875 0.0262109375 0.0708203125
4 0.16703125 0.591171875 0.0491796875 0.1152734375
4 0.79 0.5096484375 0.0496484375 0.0946484375
1 0.6863671875 0.395703125 0.04 0.1241015625
1 0.5528515625 0.61 0.034921875 0.1437109375
5 0.5016015625 0.59390625 0.038125 0.1575390625
5 0.3570703125 0.6201171875 0.0294140625 0.1271875