5 0.3880859375 0.4166015625 0.0408984375 0.152109375
1 0.2941015625 0.456796875 0.0413671875 0.1084375
0 0.24125 0.5167578125 0.0367578125 0.1134765625
0 0.1668359375 0.48 0.034921875 0.1134765625
4 0.163828125 0.6348046875 0.0519140625 0.1198046875
4 0.754140625 0.4046484375 0.051484375 0.091484375
1 0.68796875 0.62515625 0.0294140625 0.1097265625
5 0.6307421875 0.4200390625 0.0298828125 0.145234375
1 0.495390625 0.441875 0.03953125 0.1199609375
1 0.4129296875 0.5856640625 0.0169921875 0.1226171875
1 0.440703125 0.4351953125 0.03125 0.129609375
3 0.47703125 0.603125 0.0211328125 0.12078125