5 0.4544921875 0.2585546875 0.0404296875 0.111796875
3 0.50296875 0.276953125 0.03171875 0.13015625
5 0.60890625 0.2796875 0.0183984375 0.1356640625
1 0.6392578125 0.2805859375 0.042265625 0.1742578125
2 0.7109375 0.265 0.020234375 0.1246484375
2 0.6084375 0.52296875 0.00828125 0.13046875
2 0.4048828125 0.4930859375 0.051484375 0.135078125
2 0.382578125 0.2737109375 0.0298828125 0.0777734375
2 0.3419140625 0.25671875 0.026640625 0.108125
0 0.2862890625 0.2684375 0.034921875 0.081015625
4 0.2254296875 0.40328125 0.028046875 0.0979296875
1 0.7679296875 0.468515625 0.02390625 0.06296875
0 0.7215234375 0.487578125 0.0321875 0.1056640625