5 0.40453125 0.5160546875 0.0223046875 0.125859375
0 0.2195703125 0.4198046875 0.0246484375 0.075859375
1 0.1644140625 0.603125 0.0430078125 0.0840234375
1 0.4066015625 0.7391015625 0.05859375 0.135390625
2 0.622578125 0.7131640625 0.031015625 0.1064453125
1 0.4727734375 0.560859375 0.0255078125 0.1648828125
2 0.5975390625 0.521796875 0.022265625 0.114375
5 0.55203125 0.5169921875 0.0323828125 0.1093359375
0 0.71171875 0.4823046875 0.02546875 0.127265625
0 0.7848046875 0.4278515625 0.0337109375 0.059765625
0 0.789609375 0.5973828125 0.0571484375 0.0955078125
2 0.6598046875 0.5277734375 0.032421875 0.1171484375
0 0.661171875 0.6933984375 0.0346484375 0.0761328125
1 0.548125 0.71796875 0.0291796875 0.093125