0 0.3792578125 0.3858203125 0.03609375 0.118125
3 0.5042578125 0.4358984375 0.0287109375 0.1355859375
3 0.53984375 0.4434765625 0.031015625 0.1644921875
2 0.5819140625 0.437734375 0.0277734375 0.1392578125
5 0.6402734375 0.4184375 0.0433984375 0.137421875
0 0.6905859375 0.4202734375 0.0383203125 0.14109375
0 0.74984375 0.376171875 0.037421875 0.108046875
0 0.82453125 0.3235546875 0.071875 0.13609375
1 0.209453125 0.30265625 0.041171875 0.071328125
4 0.3799609375 0.6125390625 0.0604296875 0.135
3 0.6002734375 0.660078125 0.0277734375 0.1427734375