0 0.27609375 0.330234375 0.0365625 0.1448046875
5 0.3914453125 0.3628515625 0.0374609375 0.1824609375
1 0.516875 0.421171875 0.0401953125 0.1796875
5 0.5671875 0.410625 0.0167578125 0.167734375
1 0.633359375 0.4122265625 0.0204296875 0.10203125
0 0.695390625 0.3816796875 0.025 0.1190625
0 0.6124609375 0.5728125 0.0475390625 0.1336328125
5 0.5233203125 0.591171875 0.0346875 0.1519921875
5 0.4920703125 0.5861328125 0.02734375 0.15109375
1 0.4268359375 0.5812890625 0.0071484375 0.1644140625
0 0.2634765625 0.483671875 0.0434765625 0.13921875