0 0.202578125 0.337578125 0.018203125 0.086015625
1 0.244609375 0.4046484375 0.033359375 0.073125
3 0.48171875 0.49078125 0.0296484375 0.1396875
3 0.5120703125 0.545703125 0.0167578125 0.14375
2 0.5552734375 0.4464453125 0.0296484375 0.2577734375
0 0.7062109375 0.471484375 0.0328125 0.119453125
1 0.7443359375 0.4122265625 0.0263671875 0.1387890625
0 0.7997265625 0.3511328125 0.0222265625 0.0993359375
4 0.7955859375 0.5805859375 0.0231640625 0.1584375
0 0.6951953125 0.6701953125 0.029140625 0.1078515625
0 0.600078125 0.7244140625 0.0319140625 0.1059765625
2 0.5536328125 0.72625 0.0401953125 0.14640625
1 0.4222265625 0.7253125 0.0346875 0.1078125
0 0.3546875 0.687890625 0.0191015625 0.101875
0 0.304375 0.67984375 0.024140625 0.0995703125
0 0.248515625 0.6589453125 0.018203125 0.0899609375
0 0.21109375 0.592109375 0.030625 0.0987109375