0 0.2156640625 0.3669921875 0.02140625 0.108046875
0 0.439453125 0.42625 0.0369921875 0.143828125
3 0.48953125 0.4575 0.0360546875 0.151171875
5 0.576640625 0.434296875 0.031015625 0.16453125
0 0.660703125 0.4432421875 0.0245703125 0.131875
0 0.7404296875 0.4115234375 0.004765625 0.1328125
1 0.4378515625 0.6770703125 0.0291796875 0.1491796875
1 0.559609375 0.6646875 0.04296875 0.151953125
1 0.61890625 0.6894921875 0.04203125 0.128046875
2 0.6747265625 0.6940625 0.029609375 0.1372265625
0 0.723671875 0.671796875 0.0309765625 0.0973046875
2 0.38546875 0.6623828125 0.0347265625 0.1198046875
2 0.3394921875 0.6690625 0.016328125 0.11015625
2 0.3939453125 0.41453125 0.02875 0.1709375
2 0.3330859375 0.4156640625 0.040234375 0.1319140625
4 0.2053125 0.5578515625 0.06046875 0.1083984375