4 0.2525390625 0.3164453125 0.0362890625 0.0805078125
4 0.2251953125 0.6169140625 0.050546875 0.093203125
4 0.7564453125 0.3504296875 0.046875 0.0749609375
1 0.6495703125 0.628828125 0.0216015625 0.1170703125
4 0.7821875 0.607265625 0.043203125 0.0830859375
1 0.57125 0.4158984375 0.0165625 0.1461328125
5 0.6190234375 0.4248828125 0.03859375 0.113515625
3 0.5346875 0.4344921875 0.0491796875 0.1419921875
1 0.4583984375 0.4269140625 0.0252734375 0.1314453125
2 0.379375 0.399140625 0.0142578125 0.08046875
0 0.34328125 0.4028125 0.03859375 0.1245703125
1 0.4453125 0.605859375 0.0404296875 0.1262890625
1 0.5638671875 0.6269921875 0.020234375 0.1317578125