2 0.429453125 0.4076171875 0.03171875 0.203125
2 0.5615625 0.4156640625 0.0248046875 0.1502734375
1 0.5928125 0.418203125 0.0137890625 0.1415625
1 0.7440234375 0.44046875 0.0496484375 0.144765625
4 0.7911328125 0.5980859375 0.04734375 0.0830859375
0 0.19578125 0.406484375 0.0284765625 0.113515625
4 0.1796875 0.5629296875 0.0606640625 0.0909375
1 0.3812109375 0.6440234375 0.0546875 0.138203125
2 0.58296875 0.6619140625 0.0445703125 0.16484375
3 0.51859375 0.4740234375 0.0262109375 0.1107421875
4 0.41015625 0.4340625 0.0252734375 0.1502734375