0 0.18796875 0.40765625 0.0404296875 0.0928515625
2 0.340546875 0.444140625 0.0330859375 0.152109375
2 0.445078125 0.4855078125 0.0262109375 0.16125
3 0.488515625 0.5158203125 0.034921875 0.1483984375
5 0.54296875 0.51375 0.0289453125 0.1855859375
0 0.686796875 0.4850390625 0.03171875 0.1144140625
0 0.750703125 0.5433984375 0.04 0.07484375
1 0.5169921875 0.676640625 0.0183984375 0.0839453125
2 0.3763671875 0.663984375 0.03125 0.090859375
2 0.3343359375 0.648125 0.01609375 0.11890625
0 0.1773828125 0.5394921875 0.046875 0.0900390625