1 0.2281640625 0.37203125 0.0335546875 0.145703125
5 0.39359375 0.37890625 0.0335546875 0.168671875
3 0.4853125 0.4083203125 0.0376953125 0.1355859375
3 0.5225 0.4112890625 0.0294140625 0.1737109375
1 0.563203125 0.383515625 0.0326171875 0.214609375
1 0.6059375 0.376171875 0.035390625 0.1448046875
1 0.6976171875 0.3890234375 0.03953125 0.13375
1 0.74609375 0.35734375 0.03078125 0.116328125
4 0.793671875 0.5626953125 0.03859375 0.1134375
4 0.2244921875 0.56546875 0.0262109375 0.1005859375
4 0.4195703125 0.65203125 0.0257421875 0.1588671875
3 0.5078125 0.62265625 0.0183984375 0.1184375
1 0.605 0.63296875 0.0335546875 0.1896484375