2 0.3948828125 0.549375 0.0305859375 0.114375
2 0.3358203125 0.5771484375 0.0273828125 0.0918359375
4 0.24875 0.5137890625 0.032421875 0.0753515625
4 0.8412890625 0.511953125 0.027265625 0.0716796875
0 0.7926171875 0.550078125 0.04015625 0.08359375
0 0.7880078125 0.775859375 0.0309765625 0.09859375
0 0.7248046875 0.7747265625 0.0470703125 0.1192578125
0 0.673828125 0.764140625 0.0277734375 0.125703125
5 0.61890625 0.7361328125 0.0236328125 0.115625
1 0.559140625 0.7317578125 0.0218359375 0.15375
1 0.568125 0.525 0.01859375 0.1667578125
2 0.617734375 0.5273046875 0.007578125 0.19890625
1 0.68 0.568203125 0.044765625 0.1612109375
1 0.5582421875 0.5268359375 0.0126171875 0.15203125
5 0.52515625 0.57234375 0.0719140625 0.0500390625
5 0.4564453125 0.5397265625 0.0434375 0.12265625
4 0.2375 0.745078125 0.07703125 0.0830078125