3 0.493203125 0.5084765625 0.0434375 0.2071875
2 0.5738671875 0.536953125 0.0255078125 0.1355078125
2 0.6910546875 0.4671484375 0.030078125 0.0877734375
0 0.74390625 0.445078125 0.0346484375 0.1171875
0 0.8309765625 0.3752734375 0.0295703125 0.0878125
0 0.1715625 0.5730078125 0.0251171875 0.1294921875
1 0.2388671875 0.5670703125 0.026484375 0.1451171875
2 0.374453125 0.698203125 0.01265625 0.1179296875
5 0.4066015625 0.4919140625 0.014921875 0.210859375
0 0.2271484375 0.4012109375 0.0351953125 0.098359375
4 0.8171875 0.560390625 0.0387890625 0.0996484375