3 0.4730078125 0.525 0.039765625 0.203515625
2 0.5269921875 0.5112109375 0.023671875 0.23109375
2 0.586953125 0.505234375 0.0287109375 0.2283203125
2 0.6393359375 0.4818359375 0.0231640625 0.135546875
0 0.69609375 0.4579296875 0.0126171875 0.12453125
0 0.7567578125 0.460234375 0.0236328125 0.1015625
1 0.79671875 0.4083203125 0.020859375 0.1172265625
2 0.8475 0.379375 0.0258984375 0.123671875
1 0.209921875 0.41109375 0.032890625 0.1594921875
2 0.1501953125 0.3775390625 0.0237109375 0.12
0 0.2673828125 0.4469140625 0.02828125 0.13921875
0 0.362734375 0.502734375 0.02140625 0.1819140625
2 0.3919140625 0.490078125 0.0291796875 0.17046875
2 0.4298046875 0.4882421875 0.026875 0.203515625
2 0.128828125 0.5684375 0.0591015625 0.0835546875
0 0.2119921875 0.6633203125 0.0508203125 0.10328125
1 0.3062109375 0.714296875 0.0462109375 0.1225390625
2 0.4176171875 0.7310546875 0.0255078125 0.16984375
1 0.4927734375 0.73265625 0.0333203125 0.1408984375
1 0.5984375 0.7423046875 0.0241015625 0.169375
0 0.6326953125 0.7391015625 0.0328515625 0.1169921875
0 0.672890625 0.7191015625 0.044296875 0.1459375
0 0.73859375 0.6545703125 0.0378515625 0.1317578125
0 0.8155859375 0.648359375 0.0493359375 0.133125