4 0.1612109375 0.471484375 0.0825390625 0.1562109375
1 0.66484375 0.4505859375 0.04203125 0.13921875
2 0.6126953125 0.4423046875 0.0250390625 0.1300390625
1 0.50265625 0.4515234375 0.0208984375 0.1484375
5 0.3946484375 0.4234765625 0.0347265625 0.15671875
4 0.1683203125 0.67109375 0.0830078125 0.0987109375
4 0.7374609375 0.594609375 0.04015625 0.09
2 0.57109375 0.6240234375 0.0199609375 0.1487890625
5 0.46359375 0.595078125 0.0255078125 0.1184765625
1 0.4465625 0.4466796875 0.0374609375 0.143359375
1 0.29609375 0.475625 0.044375 0.1369140625