5 0.485625 0.390859375 0.0328515625 0.1741796875
5 0.6251171875 0.409921875 0.022265625 0.18015625
4 0.2044140625 0.556953125 0.095390625 0.1065625
1 0.82890625 0.42578125 0.0484375 0.13375
5 0.6944921875 0.461640625 0.0231640625 0.113515625
5 0.3296484375 0.4351953125 0.0471484375 0.1112109375
0 0.2774609375 0.42140625 0.0301171875 0.1204296875
0 0.242109375 0.387890625 0.0420703125 0.099296875
3 0.5279296875 0.4126953125 0.0255078125 0.14890625
3 0.563515625 0.4395703125 0.0277734375 0.106171875
3 0.4916015625 0.5923046875 0.053984375 0.131328125