2 0.4026953125 0.556015625 0.055390625 0.141484375
5 0.5814453125 0.5326171875 0.0176953125 0.1221875
0 0.7870703125 0.54984375 0.029140625 0.087734375
4 0.7880078125 0.7041796875 0.067734375 0.1023046875
2 0.4376171875 0.7547265625 0.0333203125 0.1482421875
0 0.225078125 0.61 0.0356640625 0.1069921875
0 0.3165234375 0.6012890625 0.04390625 0.1170703125
4 0.2209375 0.752890625 0.0549609375 0.126171875
1 0.5178125 0.5737109375 0.023671875 0.117109375
1 0.4851953125 0.5734765625 0.0264453125 0.1101953125
2 0.61890625 0.73453125 0.04203125 0.1078125