2 0.5858203125 0.5619921875 0.031015625 0.162578125
1 0.4821875 0.599453125 0.058125 0.1685546875
2 0.4562109375 0.5590234375 0.0108203125 0.1612109375
2 0.396953125 0.5436328125 0.048515625 0.14421875
0 0.315625 0.5571875 0.0420703125 0.12078125
0 0.2788671875 0.5436328125 0.0237109375 0.1074609375
4 0.253125 0.73703125 0.064140625 0.0991015625
4 0.7790234375 0.72578125 0.045234375 0.1179296875
0 0.730546875 0.5626953125 0.0355859375 0.095078125
0 0.673359375 0.591171875 0.0360546875 0.1152734375
2 0.6234765625 0.7588671875 0.0328515625 0.110546875
0 0.665078125 0.76 0.037890625 0.126640625
5 0.5269921875 0.782734375 0.023671875 0.1583203125
5 0.443359375 0.7733203125 0.040234375 0.1624609375