0 0.2583984375 0.5314453125 0.0241796875 0.10609375
0 0.7365234375 0.5433984375 0.0383203125 0.13
0 0.69171875 0.5551171875 0.0360546875 0.102890625
1 0.6678515625 0.5709765625 0.061796875 0.1299609375
1 0.6009765625 0.5128515625 0.0521484375 0.110234375
1 0.5460546875 0.5233984375 0.0296484375 0.103828125
1 0.4495703125 0.526875 0.038828125 0.0969140625
1 0.2944921875 0.53078125 0.018203125 0.1001171875
0 0.2363671875 0.6853515625 0.016796875 0.0922265625
1 0.54515625 0.710625 0.0278125 0.1335546875
0 0.615234375 0.72140625 0.0346875 0.104609375
0 0.68921875 0.699375 0.02640625 0.07890625
5 0.4569140625 0.6961328125 0.03515625 0.1183984375
2 0.384296875 0.721171875 0.0369921875 0.1455078125