1 0.561015625 0.5130859375 0.018125 0.16125
3 0.5187109375 0.5362890625 0.0438671875 0.147890625
3 0.4173828125 0.507109375 0.048046875 0.1584765625
5 0.3553515625 0.4193359375 0.0618359375 0.194375
0 0.343203125 0.6738671875 0.0420703125 0.0968359375
1 0.4934375 0.683984375 0.039296875 0.11703125
1 0.5658203125 0.70328125 0.0415625 0.1372265625
0 0.629453125 0.6977734375 0.0355859375 0.1078515625
0 0.7234375 0.6237890625 0.0351171875 0.0794140625
0 0.7291796875 0.476796875 0.0236328125 0.0611328125
0 0.64875 0.5089453125 0.037421875 0.1254296875