0 0.2008203125 0.3362109375 0.0478125 0.0924609375
3 0.4820703125 0.51328125 0.0404296875 0.157109375
5 0.5638671875 0.540859375 0.034921875 0.1350390625
1 0.184296875 0.5633984375 0.051484375 0.1194140625
1 0.3492578125 0.6846484375 0.02296875 0.1230078125
1 0.3101953125 0.660078125 0.027578125 0.0692578125
0 0.2440234375 0.6426171875 0.02390625 0.0894921875
5 0.3580078125 0.4733203125 0.03125 0.1415234375
1 0.7081640625 0.4788671875 0.0330859375 0.11578125
0 0.7481640625 0.41796875 0.0303125 0.1089453125
0 0.7010546875 0.6823828125 0.0142578125 0.10921875
2 0.6390234375 0.706015625 0.028046875 0.124375
2 0.5726171875 0.7427734375 0.0284765625 0.1243359375
1 0.47953125 0.7051171875 0.03078125 0.1225390625