0 0.24578125 0.5346484375 0.042109375 0.125390625
0 0.3399609375 0.5390234375 0.063203125 0.1534375
5 0.4017578125 0.5312109375 0.03515625 0.110234375
3 0.4525390625 0.53765625 0.0328515625 0.1120703125
3 0.5108984375 0.5312109375 0.0190625 0.110234375
5 0.5378125 0.5353515625 0.031484375 0.1093359375
2 0.591796875 0.498359375 0.015390625 0.1318359375
0 0.649921875 0.5397265625 0.0351171875 0.0675
0 0.71953125 0.5371875 0.0502734375 0.094609375
0 0.827734375 0.65 0.03234375 0.1041796875
2 0.6561328125 0.6885546875 0.03375 0.1078515625
2 0.621875 0.714296875 0.0433984375 0.08578125
1 0.5697265625 0.7097265625 0.02640625 0.0949609375
5 0.529296875 0.699609375 0.0190625 0.1298828125
5 0.4644921875 0.7184375 0.02734375 0.1216015625
1 0.4176171875 0.7168359375 0.0255078125 0.1137890625
2 0.3670703125 0.71453125 0.0347265625 0.1183984375
0 0.291953125 0.713828125 0.0269140625 0.112421875
0 0.253125 0.68328125 0.04578125 0.1110546875
0 0.193828125 0.6789453125 0.0466796875 0.097734375
0 0.1883203125 0.53328125 0.017265625 0.0730078125