0 0.23265625 0.4400390625 0.0462109375 0.1346484375
4 0.2175 0.6201171875 0.0618359375 0.1271875
1 0.7298828125 0.6198828125 0.04796875 0.131328125
0 0.716328125 0.4366015625 0.0162890625 0.1048046875
0 0.6609375 0.419140625 0.0387890625 0.106640625
4 0.595703125 0.399140625 0.0369921875 0.1172265625
5 0.5226171875 0.3984375 0.047109375 0.129609375
1 0.431640625 0.4209765625 0.0489453125 0.128671875
0 0.39671875 0.414296875 0.0342578125 0.1016015625
0 0.33078125 0.413828125 0.0264453125 0.091484375
5 0.512734375 0.618515625 0.0411328125 0.1561328125
1 0.4566796875 0.63046875 0.039296875 0.106484375