0 0.3062109375 0.406484375 0.0278515625 0.1319140625
5 0.4144140625 0.409921875 0.046640625 0.106640625
3 0.5003515625 0.4092578125 0.0438671875 0.15578125
3 0.552265625 0.4044140625 0.046640625 0.113984375
5 0.5821484375 0.3694921875 0.04203125 0.1728125
5 0.646484375 0.3616796875 0.0236328125 0.1480078125
2 0.770078125 0.3669921875 0.0226953125 0.12640625
2 0.7179296875 0.3759375 0.0424609375 0.1121875
4 0.81375 0.5978515625 0.082421875 0.14234375
0 0.26046875 0.5902734375 0.0420703125 0.0950390625
1 0.3916796875 0.592109375 0.044375 0.1207421875
2 0.5973046875 0.5778515625 0.02640625 0.0978125
2 0.5462890625 0.5617578125 0.0255078125 0.0932421875
3 0.5035546875 0.565234375 0.0411328125 0.1046875
0 0.6598046875 0.5810546875 0.04109375 0.131796875