3 0.4974609375 0.467109375 0.0574609375 0.1796484375
5 0.5546875 0.4547265625 0.03859375 0.1456640625
5 0.410390625 0.4193359375 0.0257421875 0.2127734375
5 0.3453515625 0.4228125 0.038125 0.1507421875
0 0.2984765625 0.4246484375 0.0362890625 0.099296875
0 0.223125 0.333671875 0.0326171875 0.101171875
1 0.2242578125 0.5512109375 0.0303125 0.118046875
1 0.5884765625 0.6687890625 0.018828125 0.1694140625
1 0.5337890625 0.62609375 0.0289453125 0.1483203125
2 0.434296875 0.66859375 0.0183984375 0.136796875
2 0.6394921875 0.4273828125 0.038125 0.159921875
0 0.725625 0.4200390625 0.0128515625 0.1084765625
0 0.7555078125 0.3816796875 0.026640625 0.100703125
4 0.8065234375 0.5360546875 0.0459375 0.1152734375
2 0.6463671875 0.6508984375 0.024375 0.106015625
0 0.7054296875 0.641015625 0.027578125 0.100078125