5 0.3826953125 0.4191015625 0.047578125 0.1617578125
3 0.528125 0.4708203125 0.0397265625 0.150234375
2 0.588125 0.4671484375 0.02640625 0.142890625
2 0.6595703125 0.453359375 0.0268359375 0.152109375
4 0.7987890625 0.5732421875 0.0387890625 0.1069921875
4 0.2080859375 0.5544140625 0.0476171875 0.0969140625
0 0.73609375 0.3734375 0.0466015625 0.084140625
0 0.6779296875 0.6162109375 0.0636328125 0.1055859375
3 0.528828125 0.6428515625 0.045703125 0.10375
0 0.314921875 0.4071875 0.0544921875 0.1194921875
1 0.4378515625 0.4583984375 0.0291796875 0.1346484375