4 0.234140625 0.310234375 0.0362890625 0.0819140625
4 0.1953125 0.6079296875 0.05515625 0.107421875
4 0.8180078125 0.6157421875 0.0413671875 0.1138671875
1 0.76171875 0.388125 0.0252734375 0.1135546875
5 0.5948828125 0.3623828125 0.03171875 0.135625
3 0.520234375 0.35734375 0.0340234375 0.1530859375
3 0.4786328125 0.379375 0.0289453125 0.123671875
4 0.41796875 0.3855859375 0.0362890625 0.122265625
0 0.3336328125 0.403046875 0.0284765625 0.0653125
0 0.28515625 0.40671875 0.0372265625 0.091015625
4 0.4048828125 0.65203125 0.0330859375 0.195625
2 0.59421875 0.64171875 0.0441015625 0.161171875