5 0.5667578125 0.467578125 0.0433984375 0.1346484375
2 0.6016796875 0.4547265625 0.0213671875 0.1456640625
2 0.633828125 0.4510546875 0.030546875 0.175078125
1 0.6866796875 0.46875 0.0351171875 0.1874609375
0 0.739765625 0.479296875 0.0171875 0.16265625
0 0.8063671875 0.467578125 0.0493359375 0.1346484375
0 0.753984375 0.6591796875 0.0548828125 0.122578125
1 0.6317578125 0.6697265625 0.0309765625 0.152890625
1 0.600078125 0.6726953125 0.0319140625 0.191015625
3 0.498046875 0.453359375 0.0484765625 0.17046875
5 0.4240625 0.449453125 0.0383984375 0.1488671875
1 0.3604296875 0.453359375 0.0259765625 0.1337109375
1 0.3174609375 0.452421875 0.0457421875 0.1502734375
2 0.257734375 0.4205078125 0.0549609375 0.136953125
5 0.4185546875 0.618515625 0.0457421875 0.137734375