0 0.163046875 0.3433203125 0.0310546875 0.07453125
1 0.34546875 0.4620703125 0.0374609375 0.12359375
1 0.4369140625 0.4901171875 0.0457421875 0.1337109375
3 0.5120703125 0.4990625 0.053515625 0.1378125
5 0.5589453125 0.4818359375 0.0369921875 0.135546875
0 0.1894921875 0.58015625 0.033359375 0.0564453125
1 0.3408984375 0.6433203125 0.02828125 0.077109375
2 0.4332421875 0.6848828125 0.0383984375 0.1188671875
2 0.5658203125 0.68765625 0.0415625 0.124375
0 0.7016015625 0.57578125 0.0236328125 0.0798828125
0 0.7641015625 0.587734375 0.0199609375 0.1037890625
0 0.695859375 0.417734375 0.0167578125 0.076328125
4 0.808671875 0.372265625 0.044765625 0.0864453125