5 0.619375 0.2624609375 0.03375 0.1701171875
3 0.504921875 0.302890625 0.016328125 0.140703125
3 0.5541015625 0.2900390625 0.0319140625 0.115
1 0.4647265625 0.27625 0.023203125 0.1241796875
1 0.4185546875 0.29484375 0.02734375 0.1200390625
0 0.38546875 0.2932421875 0.0347265625 0.1122265625
5 0.427734375 0.493984375 0.02734375 0.1552734375
1 0.64578125 0.532578125 0.0360546875 0.140546875
0 0.7121875 0.4965234375 0.0355859375 0.0914453125
1 0.7765234375 0.473125 0.0539453125 0.0905078125
4 0.8268359375 0.445546875 0.0488671875 0.0721484375
2 0.5508984375 0.5245703125 0.0346875 0.13828125
4 0.2296875 0.41015625 0.04484375 0.1025