0 0.2273828125 0.3697265625 0.049453125 0.131953125
5 0.42015625 0.37546875 0.0535546875 0.1755859375
5 0.482890625 0.42234375 0.02734375 0.122265625
5 0.54765625 0.3745703125 0.0190625 0.0634765625
5 0.6278515625 0.394765625 0.046171875 0.1590234375
5 0.672421875 0.41015625 0.03421875 0.084140625
4 0.8158203125 0.5544140625 0.06359375 0.078515625
2 0.3078125 0.6311328125 0.0356640625 0.1124609375
2 0.3958203125 0.632734375 0.032421875 0.138671875
2 0.532265625 0.6577734375 0.038828125 0.128984375
1 0.3514453125 0.406015625 0.0586328125 0.1034375