1 0.6561328125 0.5394921875 0.03375 0.1819140625
1 0.6115625 0.533046875 0.045703125 0.095546875
3 0.541015625 0.5365234375 0.0103515625 0.125390625
3 0.5120703125 0.52640625 0.0167578125 0.1235546875
4 0.4681640625 0.5245703125 0.0346875 0.1015234375
5 0.3714453125 0.5399609375 0.048046875 0.136875
1 0.3084765625 0.5114453125 0.0416015625 0.135078125
0 0.26046875 0.5167578125 0.0237109375 0.095078125
0 0.747578125 0.5406640625 0.0236328125 0.087734375
1 0.548125 0.7078515625 0.0291796875 0.1096875
5 0.4465625 0.714765625 0.0374609375 0.1142578125