0 0.6407421875 0.430390625 0.0351171875 0.1429296875
0 0.7078125 0.3963671875 0.0590234375 0.130078125
0 0.7533203125 0.3504296875 0.0305078125 0.1301171875
4 0.848671875 0.5431640625 0.0603515625 0.134140625
5 0.3519140625 0.4464453125 0.0503515625 0.1658984375
3 0.4461328125 0.480234375 0.02734375 0.14609375
1 0.51046875 0.4623046875 0.045703125 0.1378515625
1 0.545390625 0.6543359375 0.023671875 0.1175
2 0.6012109375 0.66515625 0.0480078125 0.106953125
0 0.662109375 0.6430859375 0.0548828125 0.0812109375
1 0.38546875 0.6699609375 0.0347265625 0.0936328125
5 0.3489453125 0.6403515625 0.0305859375 0.1124609375
0 0.206953125 0.614609375 0.049921875 0.0977734375