5 0.4658984375 0.5737109375 0.0208984375 0.117109375
5 0.513203125 0.5590234375 0.05125 0.1612109375
1 0.6354296875 0.5516796875 0.038359375 0.1465234375
0 0.7303515625 0.5551171875 0.0397265625 0.102890625
0 0.6979296875 0.5615625 0.0346484375 0.09734375
5 0.3946484375 0.5424609375 0.0530859375 0.1281640625
1 0.3445703125 0.5528125 0.035625 0.0891015625
0 0.295625 0.5541796875 0.0342578125 0.1010546875
5 0.5079296875 0.7305859375 0.0360546875 0.1413671875
4 0.439453125 0.73015625 0.055390625 0.13125
4 0.7684765625 0.7051171875 0.03328125 0.104140625
2 0.609921875 0.7501171875 0.0194921875 0.1390625
0 0.319296875 0.7427734375 0.0310546875 0.087578125
0 0.26390625 0.721875 0.0535546875 0.096328125