0 0.2657421875 0.5514453125 0.02046875 0.0771484375
2 0.4084375 0.536953125 0.04390625 0.117109375
3 0.4771484375 0.5360546875 0.038828125 0.1152734375
3 0.5242578125 0.5353515625 0.0181640625 0.1460546875
1 0.5745703125 0.5592578125 0.0130859375 0.1203125
1 0.63015625 0.5592578125 0.023203125 0.08359375
0 0.7078125 0.546171875 0.040625 0.0803515625
0 0.7569921875 0.53375 0.0378515625 0.083125
2 0.438984375 0.680078125 0.026875 0.113828125
1 0.39328125 0.6821484375 0.0227734375 0.095
4 0.804765625 0.68078125 0.0415234375 0.083046875