1 0.362734375 0.4967578125 0.02140625 0.142421875
1 0.403828125 0.5091796875 0.016328125 0.1212890625
5 0.4773828125 0.494921875 0.016328125 0.1019921875
3 0.544453125 0.488515625 0.0218359375 0.1075
5 0.6119921875 0.4935546875 0.037421875 0.126796875
5 0.7052734375 0.51078125 0.0309765625 0.09234375
0 0.7689453125 0.4542578125 0.0433984375 0.0804296875
0 0.7677734375 0.6012890625 0.0273046875 0.061953125
4 0.2363671875 0.5048046875 0.05359375 0.0712109375
1 0.40453125 0.6442578125 0.0406640625 0.0973046875
3 0.49 0.622421875 0.0278125 0.0858203125
1 0.6244140625 0.636875 0.053046875 0.1009765625