2 0.555625 0.4946875 0.0404296875 0.1980078125
0 0.4296875 0.5236328125 0.027578125 0.1548046875
0 0.3890234375 0.5011328125 0.024375 0.1557421875
0 0.3138671875 0.51078125 0.034921875 0.110703125
1 0.2237890625 0.4664453125 0.03859375 0.081796875
0 0.163359375 0.44140625 0.0418359375 0.10984375
0 0.1475 0.6269921875 0.0146875 0.168515625
0 0.1973828125 0.65734375 0.0362890625 0.1005078125
0 0.413125 0.7276171875 0.0128515625 0.1399609375
2 0.5372265625 0.726484375 0.0404296875 0.1606640625
1 0.774375 0.6281640625 0.05515625 0.1478515625
0 0.8492578125 0.5737109375 0.0487109375 0.13546875