2 0.6280859375 0.4434765625 0.04203125 0.1461328125
2 0.5706640625 0.4855078125 0.0282421875 0.142890625
5 0.420859375 0.472890625 0.0411328125 0.13140625
5 0.3753515625 0.483203125 0.032890625 0.1291015625
0 0.3289453125 0.494921875 0.041171875 0.1203515625
0 0.2119921875 0.449453125 0.0324609375 0.09375
0 0.2151953125 0.59625 0.0480859375 0.0794140625
5 0.366171875 0.6922265625 0.032890625 0.1335546875
1 0.6051171875 0.664453125 0.0328515625 0.137734375
0 0.5403125 0.68765625 0.022734375 0.106015625
3 0.513203125 0.4901171875 0.014453125 0.1153125
2 0.481484375 0.503203125 0.015390625 0.0817578125
4 0.7567578125 0.576953125 0.0419921875 0.1143359375