0 0.245546875 0.5048046875 0.0351953125 0.10796875
4 0.2005078125 0.661015625 0.0554296875 0.1078515625
4 0.7999609375 0.668359375 0.0732421875 0.067421875
0 0.766875 0.50734375 0.02546875 0.080859375
1 0.6671484375 0.537421875 0.037421875 0.1088671875
2 0.596171875 0.51859375 0.0103125 0.1355078125
5 0.5807421875 0.5231640625 0.030078125 0.126328125
3 0.533203125 0.55234375 0.0406640625 0.1157421875
5 0.446796875 0.521328125 0.0333203125 0.1042578125
1 0.4537109375 0.7005078125 0.0379296875 0.13171875
4 0.548125 0.7053515625 0.0291796875 0.1183984375
4 0.4056640625 0.72625 0.0383984375 0.0912890625
4 0.3101171875 0.6821484375 0.0310546875 0.095