5 0.5814453125 0.4009765625 0.0360546875 0.1392578125
5 0.6409375 0.406484375 0.0309765625 0.1502734375
5 0.4300390625 0.4129296875 0.0411328125 0.144765625
1 0.272421875 0.3759375 0.0659765625 0.130546875
1 0.3601953125 0.4078515625 0.048515625 0.1438671875
5 0.2227734375 0.3660546875 0.0402734375 0.1245703125
4 0.7841015625 0.5519140625 0.082890625 0.087265625
1 0.793515625 0.37984375 0.0419921875 0.115390625
5 0.602109375 0.61734375 0.04984375 0.1216796875
3 0.5290625 0.4271484375 0.0415625 0.1089453125
3 0.4891015625 0.4175 0.0443359375 0.1171875
5 0.40796875 0.6240234375 0.0337890625 0.130390625
4 0.2209375 0.5728125 0.0365625 0.085859375