1 0.2453125 0.526171875 0.0393359375 0.1276953125
0 0.3091796875 0.52984375 0.02921875 0.1166796875
5 0.388671875 0.5201953125 0.031953125 0.1249609375
5 0.4876953125 0.5546484375 0.05078125 0.12953125
3 0.5421484375 0.540390625 0.02640625 0.12859375
2 0.6097265625 0.544296875 0.0236328125 0.1318359375
2 0.7098828125 0.56359375 0.021796875 0.1152734375
0 0.80203125 0.565 0.036015625 0.09046875
1 0.76734375 0.700078125 0.0355859375 0.1032421875
2 0.6786328125 0.7202734375 0.014453125 0.1069140625
2 0.580078125 0.7265625 0.0057421875 0.1056640625
2 0.641640625 0.7162109375 0.01859375 0.10796875
2 0.3011328125 0.6898046875 0.0269140625 0.105703125