1 0.421171875 0.5153515625 0.0335546875 0.13828125
1 0.4878125 0.523203125 0.0289453125 0.1079296875
5 0.6070703125 0.5121484375 0.0330859375 0.1594140625
1 0.7075 0.4809375 0.027109375 0.096953125
4 0.778046875 0.607734375 0.0441015625 0.0748046875
1 0.2635546875 0.4967578125 0.04 0.1240625
2 0.3345703125 0.53859375 0.0303125 0.1065625
5 0.38671875 0.5158203125 0.0289453125 0.111640625
5 0.4308203125 0.72671875 0.0252734375 0.138125
2 0.5726171875 0.703046875 0.0284765625 0.104609375
5 0.36625 0.70578125 0.0294140625 0.1101171875