0 0.3909765625 0.3890234375 0.02734375 0.0969921875
2 0.4693359375 0.3851171875 0.0323828125 0.14890625
5 0.4396875 0.4044140625 0.0328515625 0.1323828125
3 0.5646875 0.4140625 0.0438671875 0.1424609375
1 0.6200390625 0.4158984375 0.0213671875 0.1461328125
1 0.6598046875 0.4317578125 0.022734375 0.1548828125
1 0.711484375 0.407421875 0.0112109375 0.115390625
0 0.7480078125 0.42578125 0.03375 0.0969921875
0 0.72296875 0.55234375 0.025 0.078984375
1 0.6271875 0.591875 0.021796875 0.1212109375
4 0.5926953125 0.5930078125 0.0355859375 0.1189453125
4 0.5357421875 0.5851953125 0.0503125 0.1492578125
5 0.479453125 0.568203125 0.03421875 0.1428515625