4 0.4940234375 0.4627734375 0.027578125 0.1847265625
1 0.55375 0.4542578125 0.0183984375 0.1723046875
1 0.6394921875 0.4496875 0.019765625 0.144765625
1 0.6840625 0.464375 0.0262109375 0.1373828125
2 0.5634375 0.6777734375 0.0284765625 0.136796875
2 0.4351953125 0.6690625 0.0018359375 0.128515625
0 0.346953125 0.6398828125 0.0459375 0.10234375
0 0.258515625 0.599921875 0.0390625 0.0867578125
0 0.198515625 0.5826953125 0.0340234375 0.06609375
1 0.305390625 0.4310546875 0.0408984375 0.1121484375
5 0.42140625 0.4383984375 0.0294140625 0.1451953125