1 0.5420703125 0.5348046875 0.0353125 0.124921875
1 0.6029296875 0.521953125 0.033359375 0.0959765625
1 0.48203125 0.533671875 0.0226171875 0.171484375
1 0.44359375 0.534296875 0.0239453125 0.120703125
1 0.343046875 0.537578125 0.0376171875 0.101171875
0 0.3091796875 0.561484375 0.0350390625 0.1001953125
0 0.2483203125 0.54734375 0.05 0.1076953125
4 0.276796875 0.74828125 0.0451171875 0.1221875
4 0.8075 0.7121484375 0.04859375 0.0825390625
0 0.7915625 0.5247265625 0.03625 0.085234375
1 0.6945703125 0.5364453125 0.037578125 0.1346875
2 0.6421484375 0.7217578125 0.0173828125 0.1049609375
2 0.570546875 0.7038671875 0.017421875 0.114765625
2 0.5204296875 0.7128125 0.0343359375 0.1358984375
2 0.4582421875 0.722421875 0.0337109375 0.119296875