0 0.22169217687074827 0.470846286701209 0.028426870748299318 0.12044905008635577
0 0.25708333333333333 0.5291191709844559 0.029056122448979593 0.12473229706390328
1 0.29907312925170065 0.5114162348877375 0.030110544217687073 0.1152504317789292
5 0.36624149659863947 0.46846286701208983 0.028401360544217685 0.12865284974093263
5 0.41417517006802723 0.4438687392055268 0.041360544217687076 0.1571502590673575
5 0.6037840136054421 0.4490328151986183 0.03792517006802721 0.16751295336787564
5 0.5905017006802721 0.5977374784110535 0.03898809523809524 0.14972366148531951
5 0.3786734693877551 0.6221416234887738 0.04263605442176871 0.12509499136442143
1 0.6598979591836734 0.6104835924006909 0.03961734693877551 0.11043177892918825
1 0.7533248299319728 0.5051640759930915 0.024506802721088437 0.10704663212435232
0 0.7901020408163265 0.504300518134715 0.008775510204081632 0.1053195164075993
4 0.21138605442176872 0.6139378238341969 0.04394557823129252 0.11734024179620034