4 0.2753525046382189 0.39024761904761907 0.03307977736549165 0.14144761904761904
4 0.3242857142857143 0.43 0.024257884972170685 0.13047619047619047
1 0.3574397031539889 0.42952380952380953 0.021011131725417437 0.12
1 0.3981447124304267 0.44975238095238096 0.021233766233766233 0.11761904761904762
5 0.46410946196660485 0.4254857142857143 0.03026901669758813 0.1357142857142857
3 0.5057421150278294 0.4554666666666667 0.013794063079777364 0.11
3 0.534721706864564 0.4449904761904762 0.01147495361781076 0.14617142857142856
5 0.5668460111317254 0.4468952380952381 0.017727272727272727 0.13095238095238096
1 0.6202968460111317 0.43666666666666665 0.020269016697588127 0.16283809523809523
1 0.713051948051948 0.41215238095238094 0.029526901669758812 0.14714285714285713
4 0.6862615955473098 0.6097142857142858 0.04785714285714286 0.11369523809523809
4 0.7506122448979592 0.6301714285714285 0.03973098330241187 0.14510476190476193
4 0.6240074211502783 0.6073333333333334 0.027690166975881263 0.09942857142857144
4 0.3365769944341373 0.6040000000000001 0.04420222634508349 0.12133333333333333
5 0.42910018552875695 0.6163809523809525 0.04835807050092765 0.12702857142857144