4 0.3252447552447552 0.4272936660268714 0.05083041958041958 0.14923224568138196
5 0.39298076923076924 0.4107485604606526 0.03596153846153846 0.16314779270633398
1 0.4376660839160839 0.3944337811900192 0.026993006993006993 0.2072936660268714
1 0.49055069930069933 0.389404990403071 0.019117132867132867 0.18284069097888678
3 0.524090909090909 0.43138195777351246 0.018461538461538463 0.15642994241842612
5 0.5725961538461538 0.4186564299424184 0.02806818181818182 0.19335892514395392
5 0.6331293706293706 0.4330518234165067 0.03986013986013986 0.20295585412667946
1 0.7462062937062937 0.5088483685220729 0.0234527972027972 0.1242418426103647
4 0.7768006993006993 0.4354510556621881 0.023444055944055943 0.14059500959692897
4 0.2880944055944056 0.5647408829174665 0.035979020979020976 0.11604606525911708
1 0.3318006993006993 0.5805758157389636 0.02722902097902098 0.1189059500959693
5 0.40488636363636366 0.6213435700575817 0.04885489510489511 0.1716506717850288
5 0.4743793706293707 0.6160652591170825 0.030489510489510492 0.1898848368522073
1 0.5340297202797203 0.641957773512476 0.01430944055944056 0.14573896353166987
5 0.5993706293706293 0.60957773512476 0.018225524475524477 0.21051823416506718
5 0.6391346153846154 0.6395585412667946 0.03658216783216783 0.15053742802303263
1 0.7386713286713287 0.48775431861804225 0.0193006993006993 0.12040307101727446