1 0.2574080560420315 0.38383587786259543 0.026199649737302978 0.17511450381679391
5 0.3317250437828371 0.3654770992366412 0.045665499124343256 0.20040076335877863
5 0.40089316987740803 0.3542557251908397 0.03514886164623467 0.23045801526717558
1 0.40319614711033275 0.36881679389312977 0.028800350262697023 0.15938931297709924
5 0.4434676007005254 0.40935114503816794 0.02178633975481611 0.1736641221374046
3 0.4826532399299475 0.4086259541984733 0.025726795096322242 0.18654580152671757
3 0.520954465849387 0.4150763358778626 0.027907180385288968 0.1851145038167939
5 0.5785288966725043 0.397175572519084 0.04234676007005254 0.2590458015267176
1 0.6275569176882662 0.3895419847328244 0.017819614711033275 0.26286259541984736
1 0.6643345008756567 0.3294656488549618 0.021313485113835375 0.18087786259541985
0 0.6973905429071804 0.3840839694656488 0.021751313485113836 0.15173664122137406
0 0.7431348511383538 0.35475190839694654 0.021304728546409805 0.1455534351145038
0 0.7338353765323993 0.5710496183206107 0.022399299474605953 0.10583969465648856
0 0.7897635726795096 0.5438549618320611 0.022609457092819616 0.17549618320610685
4 0.21811733800350264 0.5309732824427481 0.05049912434325744 0.14020992366412213
4 0.27262697022767074 0.5662786259541985 0.03429071803852889 0.13826335877862597
5 0.4096497373029772 0.629942748091603 0.04390542907180385 0.15206106870229008
5 0.5948336252189141 0.6416221374045801 0.04649737302977233 0.1897328244274809
3 0.495893169877408 0.6444847328244274 0.014991243432574432 0.13822519083969467
3 0.5158143607705779 0.6418702290076336 0.015429071803852891 0.12820610687022901
1 0.5485376532399299 0.6330534351145038 0.03928196147110333 0.1344083969465649