0 0.22433441558441558 0.33352365415986945 0.03309253246753247 0.12078303425774879
3 0.27083603896103897 0.34632952691680263 0.012443181818181819 0.13243066884176183
0 0.3155844155844156 0.3332952691680261 0.02310064935064935 0.12497553017944535
5 0.390137987012987 0.34190864600326265 0.03538149350649351 0.17482871125611746
5 0.6350162337662338 0.3169820554649266 0.04275974025974026 0.13897226753670472
5 0.5980275974025974 0.33282218597063623 0.022126623376623376 0.15200652528548125
5 0.6206412337662338 0.5028874388254486 0.023287337662337662 0.14724306688417618
5 0.4208685064935065 0.5343393148450245 0.029577922077922075 0.12159869494290376
0 0.25250811688311686 0.4593311582381729 0.04537337662337662 0.07411092985318107
0 0.31465909090909094 0.518042414355628 0.021249999999999998 0.07967373572593801
1 0.8131087662337663 0.3610114192495922 0.06499188311688311 0.09187601957585645
0 0.721047077922078 0.29809135399673736 0.02465909090909091 0.21771615008156608
0 0.7649918831168832 0.34190864600326265 0.022102272727272727 0.10027732463295269