0 0.2962784090909091 0.36691111111111113 0.014517045454545454 0.11515555555555555
5 0.40356060606060606 0.3724666666666667 0.022642045454545456 0.1396
5 0.6133901515151515 0.36802222222222225 0.025643939393939393 0.16624444444444444
3 0.7315625 0.40646666666666664 0.01956439393939394 0.11424444444444444
0 0.7707670454545454 0.4071111111111111 0.018418560606060605 0.1378
0 0.8094886363636364 0.4013555555555556 0.01821969696969697 0.09957777777777778
3 0.5685984848484849 0.41311111111111115 0.013721590909090909 0.15422222222222223
3 0.529782196969697 0.41355555555555557 0.023191287878787877 0.12846666666666667
4 0.2381344696969697 0.5739555555555554 0.03081439393939394 0.13813333333333333
4 0.30868371212121215 0.5595111111111111 0.026070075757575757 0.11371111111111111
4 0.40422348484848486 0.5699555555555555 0.025861742424242423 0.1390222222222222
4 0.5229640151515151 0.5575111111111111 0.032282196969696975 0.13193333333333332
5 0.5952083333333333 0.5835111111111111 0.04231060606060606 0.14391111111111113
0 0.6737026515151515 0.5675111111111111 0.015596590909090907 0.11193333333333333
0 0.7084564393939394 0.5964 0.026382575757575757 0.12524444444444444
0 0.7720833333333333 0.5817333333333333 0.040009469696969696 0.10479999999999999
0 0.8204734848484848 0.5541999999999999 0.009886363636363636 0.10304444444444444