0 0.22291744840525327 0.36584867075664623 0.022242026266416512 0.09912065439672801
0 0.2795121951219512 0.3774437627811861 0.02077861163227017 0.09049079754601227
5 0.42876172607879925 0.274519427402863 0.04409943714821763 0.18004089979550103
3 0.47556285178236396 0.28975460122699387 0.018864915572232646 0.1786707566462168
3 0.5100562851782364 0.308159509202454 0.02323639774859287 0.13822085889570554
5 0.5837429643527204 0.2938241308793456 0.022598499061913697 0.19593047034764827
0 0.724343339587242 0.3397137014314929 0.01819887429643527 0.15139059304703475
0 0.7673827392120075 0.33973415132924334 0.035497185741088184 0.11503067484662577
1 0.6618011257035648 0.5421267893660532 0.0348874296435272 0.10627811860940695
2 0.6196998123827392 0.5855010224948876 0.017382739212007507 0.1430470347648262
1 0.5563320825515947 0.5689161554192229 0.0324015009380863 0.16895705521472393
1 0.4225140712945591 0.587321063394683 0.02158536585365854 0.17938650306748466
4 0.2369887429643527 0.5623312883435583 0.03578799249530957 0.1239877300613497
4 0.756857410881801 0.5362167689161553 0.04153846153846154 0.12173824130879346