0 0.24039639639639637 0.4588109161793372 0.023126126126126127 0.12230019493177388
1 0.28948648648648645 0.4549122807017544 0.031225225225225223 0.09502923976608187
1 0.33846846846846845 0.44079922027290447 0.04135135135135135 0.1154970760233918
0 0.37956756756756754 0.42569200779727095 0.0221981981981982 0.13401559454191034
5 0.42224324324324325 0.4142300194931774 0.02872972972972973 0.16471734892787523
3 0.4848558558558559 0.4215399610136452 0.009801801801801803 0.1695906432748538
1 0.5248288288288288 0.39766081871345027 0.028936936936936934 0.19005847953216373
1 0.6512792792792792 0.3974269005847953 0.03183783783783784 0.1554775828460039
1 0.7008288288288288 0.4149707602339181 0.022828828828828827 0.15155945419103314
4 0.23397297297297295 0.6371150097465886 0.03956756756756757 0.12803118908382066
1 0.586081081081081 0.6210331384015594 0.025324324324324323 0.14461988304093568
4 0.5146936936936937 0.6373489278752437 0.031189189189189188 0.20159844054580897