4 0.2518760611205433 0.3323669724770642 0.02370118845500849 0.13170642201834862
4 0.2480560271646859 0.5928440366972477 0.03303904923599321 0.15722935779816513
4 0.7719949066213921 0.6157614678899083 0.04101867572156197 0.14803669724770643
4 0.7543803056027164 0.38188990825688074 0.04398981324278438 0.1206788990825688
0 0.7239303904923599 0.4389908256880734 0.023412563667232596 0.06515596330275229
0 0.6894482173174872 0.4644403669724771 0.024482173174872664 0.15732110091743118
5 0.6377758913412563 0.40458715596330275 0.02937181663837012 0.1706422018348624
5 0.5742190152801357 0.4066422018348624 0.027470288624787776 0.18853211009174312
3 0.5392020373514431 0.4603119266055046 0.01262308998302207 0.10321100917431193
3 0.504830220713073 0.4525137614678899 0.020263157894736844 0.09678899082568808
5 0.4593039049235993 0.4208807339449541 0.03321731748726656 0.13440366972477064
1 0.41569609507640065 0.4013761467889908 0.028769100169779287 0.17339449541284405
0 0.33803056027164685 0.4080366972477064 0.026230899830220714 0.10873394495412844
0 0.28965195246179964 0.42477064220183486 0.022843803056027165 0.11928440366972479
1 0.3710271646859083 0.4004587155963303 0.026443123938879456 0.15322935779816516
0 0.3537351443123939 0.5910091743119267 0.032173174872665536 0.09853211009174312
2 0.438616298811545 0.5962752293577982 0.015186757215619694 0.18702752293577982
3 0.4836078098471987 0.6111926605504587 0.011782682512733447 0.1021834862385321
3 0.5107724957555179 0.5935229357798165 0.015169779286926996 0.1081651376146789
2 0.6011714770797962 0.6286055045871559 0.01769949066213922 0.11869724770642201