4 0.2737243735763098 0.333289124668435 0.023120728929384965 0.12546419098143236
1 0.3108997722095672 0.44923076923076927 0.024977220956719816 0.10175066312997347
0 0.35158314350797265 0.46538461538461534 0.021457858769931663 0.11957559681697612
5 0.39661731207289297 0.49551724137931036 0.02248291571753986 0.15572944297082228
1 0.46670842824601366 0.49358090185676395 0.028063781321184512 0.15188328912466842
3 0.5030523917995444 0.5188859416445624 0.02826879271070615 0.15909814323607427
3 0.5449886104783599 0.4919098143236074 0.018940774487471525 0.1629708222811671
5 0.584635535307517 0.48875331564986735 0.03404328018223235 0.16151193633952254
5 0.632369020501139 0.48779840848806366 0.019749430523917994 0.1403183023872679
1 0.6818564920273348 0.4714058355437666 0.03175398633257403 0.11909814323607426
0 0.7285421412300683 0.43092838196286476 0.027813211845102506 0.1229973474801061
1 0.7608542141230068 0.3651193633952255 0.026150341685649205 0.09265251989389921
4 0.7817653758542141 0.6603978779840849 0.03070615034168565 0.15755968169761272
4 0.26068337129840546 0.6449867374005305 0.03430523917995444 0.126710875331565
5 0.6185990888382688 0.6941379310344827 0.03569476082004556 0.16716180371352787
2 0.584123006833713 0.7009018567639258 0.018519362186788155 0.1613793103448276
5 0.47105922551252843 0.7375596816976128 0.01604783599088838 0.11893899204244032
4 0.41577448747152623 0.6584880636604774 0.038838268792710705 0.11124668435013262