1 0.25070276497695854 0.3886146095717884 0.023398617511520736 0.1534508816120907
1 0.28662442396313365 0.3920403022670025 0.030299539170506914 0.12826196473551638
1 0.34411290322580645 0.3840302267002519 0.025898617511520738 0.14428211586901762
1 0.42381336405529957 0.39937027707808564 0.030702764976958525 0.153904282115869
3 0.4964861751152074 0.3627455919395466 0.01434331797235023 0.1246095717884131
3 0.5271774193548386 0.39297229219143576 0.014976958525345621 0.11178841309823678
1 0.5849769585253456 0.38060453400503774 0.041774193548387094 0.1511586901763224
2 0.6867741935483871 0.40876574307304786 0.024158986175115207 0.1021662468513854
0 0.728352534562212 0.4172292191435768 0.013052995391705069 0.15113350125944586
0 0.7729608294930875 0.4167758186397985 0.014297235023041475 0.1227455919395466
0 0.8133870967741935 0.39685138539042825 0.023928571428571428 0.0966750629722922
5 0.5825691244239631 0.5898236775818639 0.03150921658986175 0.13911838790931988
5 0.4386866359447004 0.6042569269521411 0.03278801843317972 0.15423173803526447
4 0.21153225806451614 0.6124937027707809 0.041417050691244246 0.13408060453400503