4 0.26069988137603795 0.5110633484162895 0.02933570581257414 0.09542986425339367
0 0.29153024911032027 0.5859276018099548 0.013202846975088969 0.09402714932126698
0 0.3272360616844603 0.5768778280542987 0.025290628706998813 0.11212669683257918
0 0.3697034400948992 0.574841628959276 0.0200711743772242 0.09450226244343893
0 0.4087188612099644 0.5961085972850679 0.021720047449584813 0.09178733031674208
2 0.4348161328588375 0.5761990950226245 0.015077105575326218 0.08816742081447963
2 0.45711743772242 0.5985972850678732 0.012230130486358244 0.10126696832579185
3 0.4798932384341637 0.6198642533936652 0.01981020166073547 0.09852941176470588
3 0.5197508896797153 0.6284389140271492 0.025504151838671413 0.08497737556561087
3 0.5505931198102016 0.6076470588235294 0.018849347568208778 0.10126696832579185
2 0.5854567022538553 0.5852488687782805 0.01742586002372479 0.10624434389140272
1 0.6126215895610914 0.6155656108597285 0.02192170818505338 0.12160633484162896
1 0.6715776986951364 0.6044796380090498 0.04255041518386714 0.08588235294117648
1 0.7250652431791222 0.5963348416289592 0.019062870699881378 0.06959276018099547
4 0.7549584816132858 0.49115384615384616 0.05036773428232503 0.0665158371040724
4 0.7757176749703439 0.7392760180995475 0.04680901542111507 0.12018099547511311
4 0.23661921708185052 0.7236651583710407 0.043333333333333335 0.12968325791855204
0 0.2967497034400949 0.7480995475113122 0.023641755634638197 0.08805429864253395
5 0.5229537366548043 0.7643665158371041 0.03237247924080664 0.1206108597285068
4 0.5975563463819692 0.7591855203619909 0.036880189798339263 0.09481900452488687