0 0.3259651778955337 0.41288352272727274 0.018069644208932627 0.13353693181818183
0 0.27853141559424677 0.4152556818181818 0.03422407267221802 0.10987215909090908
4 0.23412566237698712 0.49240056818181815 0.02616199848599546 0.14106534090909092
5 0.42386071158213473 0.44767045454545457 0.03218016654049962 0.15102272727272725
3 0.5152006056018168 0.48531250000000004 0.012990158970476912 0.09846590909090908
3 0.477229371688115 0.45335227272727274 0.02031794095382286 0.14345170454545453
5 0.5485087055261166 0.4630539772727273 0.029137017411052235 0.1391903409090909
5 0.6060333080999243 0.4654261363636364 0.03316426949280848 0.13444602272727274
0 0.6696139288417865 0.4275568181818182 0.01902346707040121 0.13447443181818183
0 0.7145268735806207 0.43323863636363635 0.018001514004542016 0.10796875
1 0.7513626040878122 0.42069602272727274 0.031120363361090083 0.10654829545454546
1 0.512551097653293 0.6455255681818182 0.020310370931112792 0.14900568181818183
1 0.5666691900075701 0.6516761363636363 0.025094625283875852 0.1329119318181818
1 0.4487130961392884 0.6691903409090909 0.018803936411809236 0.1584659090909091
5 0.6152384557153672 0.6202130681818182 0.04905374716124148 0.11257102272727272