4 0.27483226837060704 0.5685843373493976 0.04259584664536741 0.12082831325301205
1 0.6528274760383387 0.6206475903614458 0.029528753993610223 0.11305722891566264
1 0.6923083067092651 0.5649397590361446 0.03453674121405751 0.13846385542168674
0 0.686373801916933 0.4292168674698795 0.03727635782747604 0.13468373493975905
3 0.4678833865814696 0.48557228915662654 0.017915335463258786 0.1355120481927711
3 0.505758785942492 0.49009036144578316 0.02977635782747604 0.10582831325301205
5 0.4321725239616614 0.4769578313253012 0.021805111821086264 0.15272590361445781
0 0.3864217252396166 0.4485843373493976 0.02386581469648562 0.11316265060240964
0 0.3218450479233227 0.4180421686746988 0.01793929712460064 0.09512048192771083
0 0.29046325878594254 0.4017018072289157 0.025934504792332266 0.07963855421686747
4 0.25293130990415336 0.3560993975903614 0.026166134185303513 0.07450301204819276
3 0.49640575079872207 0.6705421686746988 0.015630990415335465 0.09237951807228917
3 0.4476837060702875 0.6664457831325301 0.025455271565495208 0.1143222891566265
3 0.5237859424920127 0.6679668674698794 0.015623003194888178 0.08721385542168675
1 0.40821086261980827 0.6285993975903614 0.024089456869009585 0.12466867469879518
1 0.38139776357827476 0.6174096385542168 0.022955271565495206 0.11950301204819276