0 0.2516162570888469 0.4402276707530648 0.025444234404536862 0.1265323992994746
0 0.2940264650283554 0.4765674255691769 0.027561436672967864 0.06786339754816112
0 0.34600189035916823 0.46956217162872155 0.027551984877126654 0.10637478108581437
5 0.5799149338374291 0.5017162872154116 0.022788279773156898 0.17507880910683013
1 0.641937618147448 0.5150788091068301 0.01214555765595463 0.10984238178633975
0 0.7201512287334593 0.5061120840630473 0.022051039697542532 0.13129597197898424
4 0.77 0.4848861646234676 0.03953686200378072 0.08973730297723292
4 0.7818147448015123 0.6571103327495621 0.03669187145557656 0.09182136602451839
4 0.2166446124763705 0.6052364273204903 0.08782608695652173 0.1325569176882662
2 0.4394517958412098 0.6781260945709282 0.03722117202268431 0.1163047285464098
5 0.5617296786389413 0.682276707530648 0.03838374291115312 0.14651488616462346
1 0.6306049149338374 0.6945359019264448 0.017816635160680532 0.1184938704028021
2 0.3998771266540643 0.645954465849387 0.021871455576559548 0.11765323992994747