0 0.23349544072948325 0.4147050147492626 0.03082066869300912 0.13029498525073746
0 0.27085106382978724 0.4564896755162242 0.01688449848024316 0.12535398230088496
0 0.30415653495440725 0.48081120943952804 0.015288753799392098 0.11992625368731563
1 0.33784194528875383 0.46852507374631275 0.01661854103343465 0.12485250737463127
5 0.3800151975683891 0.46974926253687316 0.01737082066869301 0.14205014749262537
3 0.46625379939209727 0.483023598820059 0.02520516717325228 0.13910029498525073
3 0.5061398176291794 0.48300884955752216 0.01633738601823708 0.17842182890855457
5 0.545273556231003 0.48056047197640117 0.03126899696048632 0.18333333333333332
5 0.6102355623100304 0.4761356932153392 0.02695288753799392 0.18432153392330383
0 0.6645592705167173 0.48793510324483774 0.03175531914893617 0.14892330383480826
0 0.7082522796352583 0.5056342182890855 0.02541793313069909 0.1253244837758112
1 0.7534574468085106 0.43240412979351034 0.022120060790273555 0.10669616519174042
4 0.21018996960486322 0.6373451327433628 0.02474164133738602 0.13309734513274335
4 0.7468768996960486 0.6619321533923305 0.039346504559270516 0.10359882005899704
3 0.505 0.6589675516224188 0.016588145896656532 0.13702064896755162