1 0.2368755516328332 0.39770967741935487 0.024377758164165934 0.14011290322580647
1 0.2692762577228596 0.4151935483870968 0.022100617828773168 0.16775806451612904
0 0.3132744924977935 0.420741935483871 0.04100617828773169 0.09403225806451612
2 0.35992939099735216 0.42466129032258065 0.0082171226831421 0.1156774193548387
2 0.39560458958517214 0.41935483870967744 0.011491615180935569 0.11890322580645162
0 0.4200706090026478 0.4311129032258065 0.01501323918799647 0.1285806451612903
5 0.458270079435128 0.441241935483871 0.023327449249779347 0.14883870967741936
3 0.49458075904677845 0.43019354838709684 0.021306266548984997 0.11935483870967742
1 0.5394616063548102 0.4364032258064516 0.026345984112974407 0.12903225806451613
5 0.5799293909973521 0.43479032258064515 0.02204766107678729 0.15437096774193548
3 0.6119593998234775 0.4391612903225806 0.010450132391879965 0.1677258064516129
2 0.6429744042365402 0.461516129032258 0.016999117387466903 0.1340806451612903
2 0.6688172992056487 0.4444677419354839 0.015728155339805826 0.16449999999999998
0 0.7047484554280671 0.44975806451612904 0.01446601941747573 0.12441935483870968
0 0.7481200353045013 0.423741935483871 0.030591350397175636 0.11383870967741935
0 0.7879611650485436 0.5596451612903226 0.029576345984112972 0.09993548387096775
0 0.6978111209179171 0.6116935483870968 0.01825242718446602 0.10266129032258065
2 0.6298587819947044 0.6437096774193549 0.021032656663724624 0.116
2 0.6573433362753751 0.6181451612903226 0.0205207413945278 0.09712903225806452
5 0.5597616946160636 0.6126129032258064 0.02205648720211827 0.1413548387096774
5 0.5272285966460724 0.6204354838709678 0.03264783759929391 0.16622580645161292
5 0.4503265666372463 0.6225161290322581 0.025101500441306268 0.14733870967741935
5 0.40783759929390995 0.6266612903225806 0.02333627537511033 0.1464193548387097
4 0.24154457193292145 0.555258064516129 0.021094439541041482 0.1418548387096774