4 0.7571360381861575 0.5640481927710844 0.05799522673031027 0.11077108433734939
4 0.6957398568019093 0.6091566265060241 0.04368735083532219 0.1046024096385542
4 0.2789856801909308 0.5390602409638554 0.03897374701670644 0.1221686746987952
0 0.29482100238663483 0.3733012048192771 0.014248210023866347 0.07542168674698796
0 0.32866348448687355 0.3906024096385542 0.012505966587112172 0.13190361445783133
0 0.365763723150358 0.4306746987951807 0.021610978520286397 0.1113012048192771
2 0.41110978520286395 0.4278313253012048 0.021169451073985678 0.12749397590361444
0 0.4593794749403341 0.4225542168674699 0.020071599045346063 0.15202409638554218
5 0.5175178997613366 0.4516867469879518 0.023532219570405726 0.15332530120481927
3 0.5471360381861575 0.4689879518072289 0.011169451073985679 0.13973493975903614
1 0.583472553699284 0.4512530120481928 0.025262529832935563 0.10865060240963856
2 0.6247971360381862 0.4521204819277108 0.018961813842482102 0.1279277108433735
0 0.6826133651551313 0.4372530120481928 0.01960620525059666 0.098144578313253
0 0.7258949880668257 0.42038554216867474 0.021551312649164676 0.06881927710843373
0 0.7547494033412888 0.39693975903614453 0.022840095465393794 0.08766265060240964
1 0.381491646778043 0.6089156626506024 0.024856801909307873 0.16110843373493977
4 0.4785799522673031 0.6406746987951807 0.03720763723150358 0.15363855421686748