0 0.279481733220051 0.5155143338954469 0.02685641461342396 0.11944350758853288
4 0.27826677994902294 0.65929173693086 0.05841121495327103 0.09382799325463743
4 0.3519371282922685 0.7151602023608769 0.04310960067969414 0.08993254637436762
5 0.4240271877655055 0.5465767284991568 0.03678844519966015 0.13821247892074198
1 0.5046134239592183 0.5516357504215852 0.04065420560747664 0.13964586846543003
5 0.5976975361087511 0.5362225969645869 0.027289719626168222 0.15121416526138282
3 0.5436873406966864 0.5605564924114672 0.018802039082412913 0.11797639123102865
3 0.5771877655055225 0.554283305227656 0.0178249787595582 0.11507588532883642
1 0.6901699235344095 0.5482799325463743 0.032616822429906545 0.107858347386172
0 0.7540101954120646 0.5540303541315346 0.03309260832625319 0.11944350758853288
0 0.8037723024638912 0.4931197301854975 0.017060322854715378 0.09875210792580101
4 0.8151826677994902 0.6491736930860034 0.04473237043330501 0.1217706576728499
1 0.5290059473237043 0.7151602023608769 0.030696686491079015 0.14774030354131534
1 0.6026762956669499 0.7267116357504216 0.023440951571792695 0.1400168634064081
2 0.44841971112999146 0.7334569983136594 0.015174171622769753 0.15735244519392919
2 0.41067969413763805 0.7296121416526139 0.014944774851316907 0.09956155143338954