0 0.3211913043478261 0.3922071307300509 0.02822608695652174 0.10432937181663837
5 0.4303739130434783 0.3718336162988115 0.030443478260869565 0.16059422750424449
3 0.5399304347826087 0.40310696095076404 0.016017391304347827 0.14069609507640068
3 0.5748347826086956 0.4065025466893039 0.013773913043478261 0.13777589134125637
5 0.6231565217391304 0.37473684210526315 0.031200000000000002 0.1858064516129032
1 0.6724695652173913 0.38129032258064516 0.024495652173913043 0.16495755517826824
1 0.7302260869565217 0.3623769100169779 0.02890434782608696 0.1562308998302207
0 0.8051304347826087 0.37572156196943973 0.022182608695652174 0.1295585738539898
4 0.8336956521739131 0.5439898132427844 0.0346 0.1265365025466893
4 0.2679043478260869 0.5609677419354839 0.033452173913043476 0.11198641765704583
2 0.684391304347826 0.6026485568760611 0.03244347826086957 0.1798471986417657
2 0.47459999999999997 0.5878777589134125 0.019504347826086958 0.11244482173174873