0 0.266039016115352 0.48044799999999993 0.02027141645462256 0.13712
0 0.3244444444444444 0.48227200000000003 0.025589482612383377 0.140768
5 0.36793893129770994 0.483872 0.027769296013570824 0.148528
3 0.4721289228159457 0.513808 0.013214588634435963 0.121552
3 0.5012128922815945 0.494384 0.013206106870229007 0.10556800000000001
1 0.5374385072094996 0.48798400000000003 0.020229007633587787 0.147616
5 0.597167090754877 0.48043199999999997 0.020941475826972013 0.17368
1 0.7099660729431722 0.486624 0.02601357082273113 0.09918400000000001
3 0.6739779474130619 0.49096000000000006 0.024325699745547075 0.11243199999999999
4 0.24883799830364717 0.618688 0.03917726887192536 0.079904
4 0.42245971162001694 0.662784 0.025335029686174727 0.145216
2 0.48328244274809157 0.647696 0.03550466497031383 0.160768
2 0.5546395250212044 0.65456 0.020712468193384227 0.12878399999999998
2 0.585657336726039 0.647936 0.014885496183206108 0.13838399999999998
5 0.6331552162849873 0.609776 0.032324003392705684 0.13064
4 0.7316539440203562 0.602016 0.03303647158608991 0.08768