0 0.28759729272419626 0.4311062590975255 0.007791878172588833 0.12372634643377002
0 0.3218527918781726 0.44371179039301306 0.036269035532994924 0.14895196506550218
0 0.38346869712351944 0.46311499272197965 0.019052453468697123 0.11013100436681222
0 0.4384517766497462 0.4582678311499272 0.033147208121827414 0.10043668122270742
3 0.49851945854483926 0.45267831149927223 0.012267343485617596 0.14263464337700144
3 0.5152961082910322 0.47403202328966526 0.007758037225042301 0.1465065502183406
3 0.5399746192893401 0.46943231441048033 0.0105668358714044 0.09363901018922853
5 0.5967935702199662 0.46796215429403204 0.025507614213197968 0.13922852983988357
0 0.667005076142132 0.4534206695778748 0.013646362098138748 0.11013100436681222
0 0.7207191201353638 0.447117903930131 0.016742808798646362 0.0878311499272198
4 0.7861421319796954 0.555764192139738 0.03478003384094754 0.13043668122270743
4 0.25263113367174284 0.5397525473071325 0.016818950930626058 0.14694323144104804
1 0.297741116751269 0.6018486171761281 0.03937394247038917 0.07705967976710335
1 0.40785956006768187 0.5945705967976711 0.037944162436548225 0.07221251819505095
1 0.4739847715736041 0.6173653566229985 0.025245346869712353 0.12749636098981076
2 0.5473011844331641 0.6112954876273653 0.025228426395939085 0.13962154294032023
2 0.5881895093062606 0.6212372634643377 0.03368020304568528 0.1546579330422125
2 0.6458544839255499 0.620524017467249 0.02211505922165821 0.10954876273653567
2 0.6890016920473773 0.6268267831149927 0.035076142131979696 0.11244541484716157