0 0.21278601694915256 0.38647379912663754 0.024729872881355933 0.16945414847161572
1 0.25166313559322034 0.4032751091703057 0.03679555084745763 0.16376637554585152
1 0.3087552966101695 0.4207423580786026 0.025985169491525423 0.1462882096069869
3 0.5268379237288136 0.5176310043668122 0.027028601694915253 0.16548034934497818
5 0.5687976694915254 0.47399563318777294 0.022759533898305085 0.16546943231441047
0 0.6989777542372881 0.43165938864628817 0.026763771186440678 0.10699781659388646
1 0.7492902542372882 0.40525109170305673 0.01934322033898305 0.12840611353711792
1 0.7882680084745762 0.382325327510917 0.021032838983050847 0.13933406113537117
4 0.7450529661016949 0.5835807860262008 0.024427966101694915 0.1348362445414847
4 0.19647245762711865 0.578122270742358 0.03871292372881356 0.10733624454148472
4 0.2486970338983051 0.5971069868995633 0.02239406779661017 0.14967248908296943
4 0.3233739406779661 0.6224344978165939 0.02555614406779661 0.1304475982532751
1 0.42166843220338984 0.6678275109170306 0.027235169491525425 0.15137554585152838
4 0.46806673728813564 0.6704585152838428 0.0225635593220339 0.13216157205240175
2 0.5536493644067796 0.682674672489083 0.032722457627118645 0.11120087336244541