0 0.2930156165858912 0.4644831460674157 0.02555735056542811 0.1460449438202247
0 0.2508023694130318 0.40652808988764044 0.010059235325794292 0.11103370786516853
4 0.22441572428648357 0.3696853932584269 0.036984383414108785 0.12723595505617977
5 0.46682821755519655 0.515247191011236 0.0242380183091007 0.1666741573033708
1 0.43140010770059234 0.5080674157303371 0.033074851911685514 0.1343370786516854
3 0.5277813677975229 0.5136741573033708 0.02121163166397415 0.1949887640449438
5 0.5712924071082391 0.5013258426966293 0.03929456112008616 0.1657865168539326
0 0.7022455573505654 0.46695505617977523 0.01687668282175552 0.13750561797752808
0 0.7440280021540119 0.43078651685393254 0.03151319332256328 0.12359550561797752
0 0.7848411416262789 0.3764269662921348 0.037754442649434575 0.11375280898876404
5 0.633322563274098 0.47638202247191014 0.02550350026925148 0.18332584269662922
4 0.7877490576198168 0.6114044943820225 0.045718901453958 0.14325842696629212
4 0.24907915993537966 0.6374606741573035 0.032455573505654284 0.141438202247191
4 0.3124017232094776 0.6772247191011236 0.038476036618201405 0.1086179775280899
1 0.40684437264404955 0.7023820224719102 0.0356596661281637 0.15892134831460675
1 0.45315562735595044 0.6895842696629214 0.03435648896068928 0.22762921348314608
1 0.583241787829833 0.7318089887640449 0.03950996230479268 0.16833707865168537
0 0.6383844911147012 0.6940786516853933 0.02054388799138395 0.12882022471910112