5 0.39189940828402364 0.46595890410958907 0.04249704142011834 0.2049771689497717
1 0.45260355029585797 0.4792009132420091 0.03846745562130178 0.2223173515981735
3 0.5348461538461539 0.49745433789954335 0.025437869822485207 0.22230593607305937
1 0.5792248520710059 0.5013356164383562 0.03134319526627219 0.1889840182648402
1 0.6103431952662722 0.4773744292237443 0.029680473372781062 0.2004109589041096
0 0.703 0.4773858447488584 0.018544378698224853 0.10910958904109588
0 0.7431124260355029 0.44611872146118725 0.025402366863905325 0.12420091324200913
1 0.7911597633136095 0.4280821917808219 0.050479289940828405 0.12010273972602739
1 0.8396745562130177 0.3696575342465753 0.029171597633136093 0.1310958904109589
4 0.14423076923076922 0.5842009132420091 0.060763313609467455 0.14009132420091325
1 0.6648934911242604 0.6739041095890411 0.041745562130177515 0.11400684931506849