1 0.22556990454800674 0.4365180467091295 0.02171813587871982 0.11634819532908704
0 0.2794665918023582 0.46750530785562633 0.030690623245367768 0.13585987261146498
5 0.40017405951712526 0.5120700636942676 0.04077484559236384 0.14856687898089171
5 0.550864682762493 0.534787685774947 0.041201572150477254 0.1302972399150743
3 0.4986524424480629 0.5477388535031847 0.01987647389107243 0.11798301486199575
3 0.4581190342504211 0.5602547770700637 0.01291970802919708 0.1472611464968153
1 0.7123357664233577 0.47536093418259023 0.02724873666479506 0.1303397027600849
0 0.7534306569343066 0.3970382165605095 0.024098820887142058 0.11383227176220807
0 0.7386075238629983 0.6740233545647558 0.0214093206064009 0.12002123142250531
4 0.6653958450308814 0.6988535031847134 0.054654688377316116 0.1144904458598726
4 0.3001291409320606 0.6882484076433122 0.04505895564289725 0.10176220806794055
3 0.47136440202133634 0.7629511677282378 0.016962380685008424 0.14925690021231422
3 0.49292532285233015 0.7648619957537155 0.03312745648512072 0.13184713375796178