4 0.1930325680726108 0.25610169491525425 0.028985584623598504 0.14519774011299436
1 0.25079551521623067 0.3161920903954802 0.022781633742658836 0.14786440677966103
0 0.2876294714361986 0.33992090395480223 0.025979711692471968 0.13655367231638418
0 0.34923651895355046 0.3837401129943503 0.018921516284036304 0.14284745762711865
5 0.40336892685531234 0.3731186440677966 0.03535504538174052 0.18940112994350283
3 0.46529631607047517 0.41129943502824856 0.02253603844100374 0.18892655367231637
3 0.5074746396155899 0.38531073446327685 0.02359316604378003 0.22282485875706212
5 0.5640630005339028 0.3832768361581921 0.04707421249332622 0.2052090395480226
5 0.6251361452215697 0.3658870056497175 0.04108382274426055 0.2110960451977401
0 0.6897330485851575 0.35685875706214687 0.022925787506673786 0.13880225988700565
0 0.7426908702616124 0.3471525423728814 0.02633208756006407 0.1148587570621469
0 0.7848638547784303 0.3263615819209039 0.03593699946609717 0.12752542372881356
4 0.21224773091297386 0.5012203389830509 0.041793913507741594 0.16084745762711863
5 0.39664175120128137 0.6342824858757062 0.045397757608115326 0.16935593220338982
4 0.5538334223171383 0.5838757062146893 0.03849439402028831 0.1942824858757062