0 0.2917903225806452 0.4694788273615635 0.03046236559139785 0.11724212812160695
0 0.2396451612903226 0.42324647122692727 0.022946236559139785 0.11597176981541803
1 0.36296774193548387 0.46015200868621065 0.030881720430107527 0.11160694896851249
3 0.4797311827956989 0.49335504885993486 0.019247311827956987 0.12157437567861021
3 0.5173602150537634 0.477513572204126 0.029994623655913977 0.1463300760043431
5 0.5721989247311827 0.4542779587404994 0.03213440860215054 0.14764386536373506
4 0.6293978494623657 0.47208469055374597 0.03470430107526882 0.13982627578718784
1 0.7093870967741935 0.4742671009771987 0.022650537634408604 0.08684039087947883
0 0.7603548387096775 0.4284473398479913 0.025655913978494625 0.1090228013029316
3 0.5115591397849463 0.6761454940282302 0.014080645161290324 0.13100977198697067
4 0.6973494623655914 0.6364169381107492 0.0415752688172043 0.1167100977198697
4 0.7578817204301076 0.6151465798045602 0.027161290322580647 0.1002171552660152
4 0.23803225806451614 0.5969163952225841 0.04337096774193548 0.11586319218241041
5 0.45543010752688173 0.6776547231270358 0.026564516129032257 0.1904885993485342