0 0.2619644779332616 0.36906458797327396 0.021889128094725513 0.10472160356347439
1 0.32138320775026913 0.4803786191536748 0.02360064585575888 0.1563028953229399
5 0.3818729817007535 0.5293652561247216 0.016270182992465018 0.15806236080178174
3 0.5083423035522067 0.5638752783964366 0.013024757804090419 0.14244988864142538
1 0.5617276641550054 0.5055456570155902 0.025069967707212055 0.12378619153674833
0 0.671189451022605 0.4614587973273942 0.017944025834230357 0.13360801781737194
1 0.709940796555436 0.4314142538975501 0.02655005382131324 0.08687082405345212
0 0.7440581270182993 0.31385300668151445 0.015134553283100108 0.12967706013363028
4 0.7505166846071044 0.5852561247216035 0.04527448869752422 0.09612472160356347
4 0.24571582346609258 0.5926057906458797 0.03028525296017223 0.12417594654788419
4 0.3036221743810549 0.6455902004454344 0.02984930032292788 0.09653674832962138
1 0.3601291711517761 0.71728285077951 0.020150699677072118 0.10629175946547885
4 0.5092034445640474 0.7549220489977728 0.023353067814854682 0.08800668151447662
1 0.5975672766415501 0.7511247216035635 0.03431646932185145 0.12051224944320713