0 0.2651437699680511 0.4128058361391695 0.0186741214057508 0.11988776655443321
0 0.30677848775292865 0.4621661054994389 0.027401490947816826 0.1288327721661055
4 0.37312034078807244 0.510628507295174 0.03441427050053248 0.1718855218855219
1 0.41784345047923327 0.4976206509539843 0.03014909478168264 0.15483726150392818
3 0.47161874334398296 0.5573063973063973 0.0248136315228967 0.1933894500561167
3 0.5184717784877529 0.5420538720538721 0.033328008519701816 0.14493827160493825
1 0.542433439829606 0.5294837261503927 0.03651757188498402 0.17367003367003367
1 0.5875825346112886 0.502334455667789 0.03310436634717785 0.15976430976430975
0 0.6355058572949946 0.4594725028058361 0.030963791267305644 0.14139169472502805
0 0.680335463258786 0.45139169472502805 0.024781682641107562 0.14319865319865321
1 0.726017039403621 0.4002356902356903 0.028823216187433442 0.11270482603815937
4 0.3253035143769968 0.6701907968574635 0.034637912673056444 0.1183726150392817
4 0.2739776357827476 0.6064534231200898 0.04699680511182109 0.15252525252525254
3 0.4509637912673056 0.7283052749719416 0.013317358892438765 0.14930415263748598
3 0.48312034078807237 0.7242648709315377 0.013738019169329074 0.13225589225589227
3 0.5015441959531416 0.7249382716049382 0.022896698615548456 0.12013468013468014
1 0.5330617678381256 0.7027272727272728 0.026299254526091588 0.12508417508417508
4 0.5881150159744409 0.7051851851851852 0.023519701810436635 0.1345117845117845
0 0.7507241746538871 0.6327160493827161 0.05266773162939297 0.11077441077441078