0 0.2179454253611557 0.35806881243063265 0.030968432316746924 0.1425527192008879
0 0.27626003210272876 0.41221975582685905 0.02561262707330123 0.10879023307436182
0 0.3862600321027287 0.47213096559378465 0.023023006955591226 0.09543840177580466
3 0.43291064740502944 0.4707991120976693 0.022161583734617442 0.15490566037735848
3 0.4760299625468165 0.471465038845727 0.03349384697699304 0.14293007769145394
3 0.5215088282504013 0.4909877913429523 0.019577314071696095 0.1642175360710322
1 0.5788603531300162 0.4454938956714761 0.02299090422685928 0.20196448390677024
1 0.651294810058855 0.4650277469478358 0.028758694489031567 0.16999999999999998
1 0.7374317817014446 0.40733629300776913 0.01911182450508293 0.12566037735849056
1 0.7896468699839486 0.36694783573806883 0.029379347244515783 0.12479467258601554
4 0.22308186195826646 0.5841842397336293 0.032680577849117175 0.1730299667036626
4 0.42616907437132157 0.68826859045505 0.03222043873729267 0.1281465038845727
5 0.5767201712145533 0.6807214206437292 0.03583199571963617 0.1574361820199778
3 0.5147672552166934 0.6924750277469478 0.012514713750668807 0.15876803551609325
1 0.4898341359015516 0.6776137624861265 0.024719101123595506 0.14235294117647057
4 0.7076832530765116 0.6405438401775805 0.049507758159443555 0.18809100998890121