4 0.13634615384615384 0.6222898230088495 0.04104395604395605 0.13571902654867257
4 0.8070604395604395 0.3407411504424778 0.02686813186813187 0.11865044247787611
0 0.7771758241758242 0.45088495575221244 0.01984065934065934 0.08230088495575222
0 0.7251978021978022 0.4858296460176991 0.023587912087912086 0.09024336283185841
2 0.6850934065934066 0.4948893805309734 0.01574175824175824 0.11456858407079645
2 0.6018076923076923 0.509712389380531 0.0232032967032967 0.1026216814159292
5 0.5524670329670329 0.5086061946902655 0.03176373626373626 0.1402212389380531
3 0.5174175824175824 0.5470796460176991 0.007362637362637363 0.15523230088495577
1 0.4717032967032967 0.5347013274336283 0.024934065934065934 0.16585176991150444
1 0.22403296703296705 0.46836283185840705 0.027093406593406595 0.0862721238938053
0 0.17755494505494504 0.4424778761061947 0.02554945054945055 0.09204646017699114
0 0.26545604395604394 0.48780973451327436 0.01839010989010989 0.1428871681415929
0 0.5396098901098901 0.711637168141593 0.023835164835164836 0.13035398230088496
0 0.7687142857142857 0.6125553097345132 0.03148901098901099 0.10919247787610618
4 0.834532967032967 0.5597013274336283 0.03345604395604396 0.08754424778761062