4 0.2731725265739983 0.27794520547945206 0.027252657399836466 0.08034246575342466
4 0.26394930498773506 0.5638013698630137 0.025151267375306624 0.09924657534246575
4 0.32269828291087493 0.5581849315068493 0.02350776778413737 0.10267123287671233
4 0.3803924775143091 0.621027397260274 0.03143908421913328 0.10606164383561643
5 0.45140637775960757 0.5884931506849315 0.03329517579721995 0.14373287671232876
5 0.4636713000817662 0.42955479452054796 0.027457072771872443 0.09003424657534247
3 0.5246443172526574 0.4302910958904109 0.03258381030253475 0.135513698630137
3 0.5691414554374489 0.43859589041095887 0.025797219950940312 0.12279109589041094
1 0.6277759607522485 0.4104794520547945 0.03560098119378577 0.15950342465753425
1 0.6709893704006541 0.4307705479452055 0.033262469337694195 0.1658390410958904
1 0.7032297628781684 0.40339041095890416 0.0323221586263287 0.15020547945205479
0 0.7415372035977106 0.40215753424657535 0.024840556009811936 0.1526541095890411
1 0.7826492232215863 0.3857876712328767 0.03230580539656582 0.07587328767123289
1 0.5467211774325429 0.6041609589041096 0.01833197056418643 0.13590753424657534
4 0.8182747342600164 0.5823972602739727 0.026459525756336876 0.11683219178082192
4 0.7727228127555192 0.5941267123287671 0.03347506132461161 0.1403082191780822