0 0.2752493765586035 0.5267878787878788 0.020660847880299253 0.10624242424242425
3 0.4866209476309227 0.5083636363636364 0.021384039900249376 0.13933333333333334
3 0.5270947630922693 0.4962424242424242 0.021770573566084788 0.09648484848484848
3 0.5633416458852868 0.493 0.013703241895261845 0.13654545454545455
3 0.5901995012468828 0.5104545454545454 0.013703241895261845 0.12024242424242425
1 0.65714463840399 0.47830303030303034 0.020972568578553615 0.08390909090909092
0 0.6968453865336658 0.47387878787878784 0.012144638403990025 0.08903030303030303
4 0.74 0.5743030303030303 0.0178927680798005 0.14536363636363636
4 0.2771571072319202 0.6390909090909092 0.024488778054862843 0.07915151515151515
1 0.43051122194513713 0.6197575757575758 0.010847880299251869 0.12903030303030302
3 0.5359102244389028 0.6458484848484848 0.00871571072319202 0.12527272727272729
5 0.3593516209476309 0.5183939393939394 0.018154613466334166 0.14539393939393938