0 0.241171875 0.4721875 0.040234375 0.1254296875
1 0.3248046875 0.446015625 0.0420703125 0.1006640625
2 0.3928125 0.4733203125 0.0310546875 0.123125
2 0.458515625 0.502734375 0.04296875 0.126796875
3 0.5067578125 0.494453125 0.02 0.1102734375
3 0.552265625 0.4942578125 0.0282421875 0.1144140625
5 0.6087890625 0.4678125 0.021796875 0.1488671875
0 0.693359375 0.476328125 0.0438671875 0.1061328125
0 0.74296875 0.48 0.0328125 0.1134765625
4 0.80546875 0.396171875 0.029140625 0.1158203125
4 0.7919140625 0.656875 0.0341796875 0.090390625
5 0.4539453125 0.6655859375 0.0337890625 0.11703125
5 0.532265625 0.6619140625 0.038828125 0.1096875
2 0.3523828125 0.6738671875 0.023671875 0.0968359375