2 0.1150390625 0.336640625 0.042578125 0.135625
5 0.5235546875 0.4583984375 0.0489453125 0.1346484375
3 0.4621875 0.4928515625 0.031953125 0.1759765625
3 0.4033984375 0.5087109375 0.0062109375 0.1479296875
3 0.3675390625 0.4657421875 0.0264453125 0.1493359375
3 0.3441015625 0.452421875 0.025546875 0.113515625
0 0.6280859375 0.43796875 0.0236328125 0.098359375
0 0.692890625 0.3936328125 0.03375 0.1062109375
0 0.7590625 0.3594140625 0.037421875 0.13421875
4 0.8353515625 0.53421875 0.042890625 0.13
0 0.646484375 0.6350390625 0.060390625 0.0973046875
1 0.549296875 0.6699609375 0.026875 0.1303515625
2 0.444296875 0.6630859375 0.0420703125 0.12578125
5 0.3394921875 0.6738671875 0.016328125 0.1887109375
2 0.27703125 0.679609375 0.0383984375 0.1772265625
2 0.20578125 0.62515625 0.0154296875 0.1280859375
0 0.137109375 0.584296875 0.057265625 0.07390625