5 0.495078125 0.5268359375 0.0287109375 0.1704296875
5 0.55203125 0.538125 0.05078125 0.133203125
1 0.64484375 0.513984375 0.052578125 0.1447265625
1 0.71171875 0.4901171875 0.02546875 0.096953125
4 0.777421875 0.6127734375 0.05578125 0.0757421875
4 0.276796875 0.464140625 0.0425390625 0.08640625
0 0.338359375 0.4965234375 0.03703125 0.0914453125
4 0.38453125 0.4666796875 0.032890625 0.1327734375
1 0.42359375 0.479765625 0.037890625 0.172734375
4 0.2462109375 0.6490625 0.041171875 0.10234375
5 0.473671875 0.6887890625 0.02734375 0.14046875
1 0.5630859375 0.7156640625 0.0360546875 0.1528515625
0 0.6788671875 0.7005078125 0.028671875 0.0949609375
0 0.7321875 0.6623828125 0.0433984375 0.1014453125