4 0.1802734375 0.4657421875 0.033359375 0.09421875
4 0.8233984375 0.4884765625 0.0373828125 0.1258984375
4 0.8337109375 0.6743359375 0.0351171875 0.1253125
1 0.52125 0.5544140625 0.03515625 0.0969140625
1 0.6126953125 0.551875 0.0250390625 0.16078125
5 0.4305078125 0.6860546875 0.0328515625 0.1349609375
5 0.409375 0.5204296875 0.0457421875 0.1208203125
3 0.5083984375 0.5268359375 0.0278125 0.133671875
3 0.454609375 0.5277734375 0.039765625 0.1355078125
2 0.3257421875 0.5323828125 0.025546875 0.126328125
0 0.26875 0.533515625 0.021875 0.087265625
4 0.1736328125 0.6323046875 0.0430078125 0.1101953125
2 0.4837890625 0.6892578125 0.0291796875 0.09546875
2 0.61453125 0.71015625 0.0103125 0.1234375