4 0.241171875 0.2973828125 0.0586328125 0.1296875
2 0.34203125 0.399375 0.044375 0.1314453125
5 0.4151171875 0.422109375 0.015859375 0.144765625
3 0.5090625 0.44875 0.0337890625 0.1429296875
3 0.5387109375 0.4540234375 0.014921875 0.1029296875
5 0.5706640625 0.4386328125 0.0282421875 0.159453125
5 0.6329296875 0.4616015625 0.0287109375 0.150234375
0 0.68 0.4691796875 0.02640625 0.142421875
4 0.7825 0.621484375 0.05671875 0.1207421875
1 0.4410546875 0.6380078125 0.0264453125 0.1905859375
1 0.2462109375 0.62171875 0.05953125 0.135