4 0.2423046875 0.449453125 0.056328125 0.167265625
5 0.39375 0.4779296875 0.05125 0.150703125
3 0.4801171875 0.479765625 0.0218359375 0.136015625
3 0.5343359375 0.4586328125 0.0346875 0.159921875
5 0.5968359375 0.4783984375 0.0346875 0.142421875
5 0.5499609375 0.4719921875 0.00390625 0.0009375
1 0.6676171875 0.4595703125 0.0475390625 0.13234375
1 0.72828125 0.4462109375 0.04015625 0.13328125
1 0.1984375 0.6313671875 0.0742578125 0.145078125
5 0.5858203125 0.66078125 0.049375 0.14875
5 0.428203125 0.636640625 0.055859375 0.160234375