5 0.5348046875 0.5206640625 0.030078125 0.1534375
1 0.428203125 0.541796875 0.0374609375 0.140546875
1 0.283203125 0.6159765625 0.055390625 0.1280859375
2 0.4808203125 0.7087890625 0.0278125 0.1298828125
0 0.3064453125 0.78828125 0.0237109375 0.132578125
2 0.3569921875 0.78 0.0144921875 0.1344140625
0 0.2623046875 0.7979296875 0.0273828125 0.124296875
0 0.7367578125 0.6086328125 0.0158203125 0.131796875
0 0.696328125 0.5932421875 0.0268359375 0.1515625
1 0.465859375 0.55765625 0.039296875 0.1125390625
5 0.365703125 0.5663671875 0.0411328125 0.102421875