4 0.2191015625 0.3083984375 0.032890625 0.1149609375
2 0.389609375 0.41359375 0.0337890625 0.1691015625
1 0.4498046875 0.45703125 0.0346875 0.159453125
1 0.28828125 0.6308984375 0.0379296875 0.1717578125
4 0.23796875 0.5861328125 0.0430078125 0.0959765625
4 0.1807421875 0.5728125 0.0434765625 0.096875
4 0.7880078125 0.553984375 0.05671875 0.10515625
2 0.6354296875 0.44046875 0.038359375 0.1263671875
2 0.6009765625 0.436796875 0.03375 0.1190234375
2 0.3278125 0.4349609375 0.025078125 0.152109375
2 0.27953125 0.45265625 0.0296875 0.127734375
0 0.24046875 0.4166015625 0.05265625 0.0969921875
5 0.3792578125 0.6345703125 0.0176953125 0.14234375
3 0.4883984375 0.6123046875 0.02 0.083984375
3 0.493671875 0.4662109375 0.0167578125 0.104296875
3 0.52078125 0.45703125 0.0250390625 0.1226953125
2 0.5612109375 0.4365625 0.0323828125 0.17828125