0 0.23864111498257837 0.3166080843585237 0.02388501742160279 0.09630931458699472
0 0.278493031358885 0.41785588752196834 0.012125435540069686 0.08349736379613357
0 0.3334756097560975 0.40775043936731103 0.024085365853658534 0.1072231985940246
5 0.41479965156794424 0.35019332161687167 0.032134146341463415 0.19423550087873462
5 0.5809494773519164 0.3420562390158172 0.0464808362369338 0.23507908611599296
4 0.6414808362369337 0.3842355008787346 0.01946864111498258 0.14370826010544815
5 0.6837282229965156 0.3943409490333919 0.03426829268292683 0.15511423550087874
1 0.7390331010452962 0.3877504393673111 0.040357142857142855 0.15072056239015819
4 0.807081881533101 0.6172583479789104 0.026184668989547036 0.1308084358523726
4 0.2109843205574913 0.5957293497363797 0.02520034843205575 0.14927943760984183
5 0.3885627177700348 0.6425131810193321 0.03409407665505226 0.13300527240773288
5 0.5776829268292683 0.6644639718804921 0.044303135888501745 0.15933216168717046
3 0.4909059233449477 0.6385588752196836 0.021010452961672473 0.133884007029877
4 0.4973344947735192 0.38884007029876977 0.018614982578397214 0.1836731107205624