1 0.393046875 0.4117578125 0.0305859375 0.1654296875
3 0.497578125 0.4046484375 0.038359375 0.1282421875
3 0.5446875 0.4078515625 0.0360546875 0.12546875
5 0.5885546875 0.3803125 0.0365234375 0.162265625
2 0.6198046875 0.3715625 0.02546875 0.153984375
0 0.668515625 0.3858203125 0.0309765625 0.118125
0 0.715625 0.3899609375 0.028671875 0.098828125
0 0.759296875 0.3915625 0.03328125 0.106640625
4 0.809375 0.6318359375 0.0507421875 0.100078125
5 0.40015625 0.6093359375 0.0457421875 0.1377734375
5 0.5848828125 0.6008203125 0.0291796875 0.162109375
5 0.5106640625 0.5741796875 0.0416015625 0.1455859375
3 0.46703125 0.5851953125 0.055390625 0.1235546875
0 0.3121875 0.4322265625 0.0305859375 0.091484375
0 0.2737890625 0.4356640625 0.041171875 0.10296875
4 0.2205078125 0.6233203125 0.04484375 0.1244140625