0 0.7408984375 0.4202734375 0.03328125 0.1226953125
0 0.7923828125 0.39640625 0.044296875 0.0933203125
4 0.835546875 0.6083984375 0.0387890625 0.1175390625
3 0.5665234375 0.4354296875 0.0328515625 0.129140625
3 0.5325 0.4515234375 0.0346875 0.1300390625
0 0.5028515625 0.4356640625 0.03515625 0.121328125
0 0.459921875 0.4349609375 0.0365234375 0.1153515625
4 0.26046875 0.5875 0.0420703125 0.107890625
2 0.45578125 0.6446875 0.0190625 0.1625390625
2 0.607890625 0.6398828125 0.0199609375 0.1391015625
2 0.6124609375 0.4166015625 0.0291796875 0.13375
0 0.6878125 0.41796875 0.0328125 0.1273046875