0 0.2940234375 0.3580078125 0.0264453125 0.1223046875
5 0.454375 0.4129296875 0.0255078125 0.1080078125
2 0.4957421875 0.41109375 0.0346875 0.1043359375
3 0.5341015625 0.425546875 0.0241015625 0.15625
3 0.56375 0.426484375 0.04203125 0.1397265625
5 0.6087890625 0.4248828125 0.021796875 0.1319140625
5 0.673359375 0.4046484375 0.0360546875 0.1282421875
1 0.785703125 0.3775390625 0.0539453125 0.1016015625
4 0.8231640625 0.5840625 0.0415234375 0.1331640625
4 0.2659765625 0.5553515625 0.0347265625 0.09875
2 0.4596875 0.611171875 0.0223046875 0.1414453125
3 0.5426171875 0.6155078125 0.018125 0.1180078125
5 0.590390625 0.6109375 0.0401953125 0.145546875