0 0.3712109375 0.4090234375 0.0337890625 0.1048046875
2 0.423359375 0.4161328125 0.032421875 0.1236328125
3 0.5042578125 0.4119921875 0.047109375 0.1429296875
1 0.5446875 0.40328125 0.0360546875 0.1346875
5 0.6044140625 0.4349609375 0.045234375 0.13375
4 0.21453125 0.645625 0.06046875 0.1092578125
0 0.707109375 0.4278515625 0.0346484375 0.1148828125
2 0.5269921875 0.6242578125 0.023671875 0.12625
2 0.6565625 0.65296875 0.02546875 0.1239453125
0 0.2827734375 0.4234765625 0.0453125 0.1383203125
0 0.2400390625 0.4326953125 0.0241796875 0.1015625
1 0.7333203125 0.61828125 0.04109375 0.1051171875