5 0.38990709459459455 0.5526132930513595 0.024028716216216217 0.1634894259818731
5 0.44432432432432434 0.5679305135951662 0.029087837837837836 0.18116314199395772
3 0.5071790540540541 0.5646978851963746 0.02690033783783784 0.15312688821752266
1 0.5776351351351351 0.527583081570997 0.023032094594594595 0.16522658610271904
1 0.6641385135135135 0.53297583081571 0.029527027027027027 0.2062235649546828
0 0.719518581081081 0.5053776435045317 0.026866554054054054 0.1337462235649547
1 0.7236148648648648 0.6913293051359517 0.03989864864864865 0.11723564954682779
1 0.7770608108108108 0.6067673716012084 0.043023648648648646 0.12074018126888218
5 0.40390202702702704 0.7148489425981873 0.061663851351351356 0.12542296072507553
4 0.21135135135135136 0.6762235649546828 0.04336148648648649 0.14744712990936557
1 0.29869932432432433 0.7172205438066466 0.03466216216216216 0.11722054380664652
1 0.264070945945946 0.7044864048338368 0.020912162162162164 0.1564954682779456
1 0.6169679054054054 0.5159365558912387 0.0389527027027027 0.14367069486404835