4 0.2166015625 0.3109375 0.0232421875 0.124609375
4 0.774453125 0.279921875 0.0544140625 0.1131640625
4 0.186015625 0.549609375 0.0586328125 0.1469921875
4 0.3928125 0.578984375 0.0494140625 0.1873828125
3 0.4608203125 0.4283203125 0.02 0.1433984375
3 0.501015625 0.42140625 0.04984375 0.1571875
5 0.583046875 0.38625 0.0438671875 0.165
2 0.4146484375 0.3871875 0.0425390625 0.11171875
2 0.6184375 0.5849609375 0.0319140625 0.116640625
2 0.6896484375 0.582890625 0.036484375 0.13546875
0 0.8068359375 0.553046875 0.04109375 0.1033203125