4 0.763203125 0.4634765625 0.036484375 0.0804296875
4 0.230390625 0.467578125 0.032421875 0.097890625
0 0.7825 0.6555078125 0.0199609375 0.115234375
2 0.606953125 0.715234375 0.018125 0.124375
2 0.6554296875 0.7124609375 0.0277734375 0.1188671875
3 0.5269921875 0.5135546875 0.023671875 0.079453125
3 0.49046875 0.5415625 0.0379296875 0.1079296875
2 0.42796875 0.5360546875 0.0416015625 0.0969140625
2 0.385703125 0.5215625 0.0305859375 0.10015625
4 0.2308203125 0.6215234375 0.0425390625 0.065625
2 0.423828125 0.703515625 0.024140625 0.1147265625
2 0.4534765625 0.7046484375 0.023671875 0.0940625
2 0.39375 0.7170703125 0.0144921875 0.0912890625
5 0.592265625 0.5436328125 0.02546875 0.0891015625
0 0.6951953125 0.5358203125 0.01078125 0.1010546875