4 0.2742578125 0.4783984375 0.0512890625 0.0873046875
4 0.2595703125 0.6848828125 0.0586328125 0.1188671875
4 0.7801953125 0.491953125 0.0429296875 0.118984375
4 0.793046875 0.6968359375 0.031875 0.106015625
0 0.7416015625 0.5473046875 0.020859375 0.0964453125
0 0.6951953125 0.564296875 0.02546875 0.12859375
5 0.629921875 0.5590234375 0.0273046875 0.1428515625
2 0.568125 0.5539453125 0.01859375 0.1419140625
3 0.537109375 0.5555859375 0.0255078125 0.1313671875
5 0.44703125 0.5433984375 0.0291796875 0.148359375
5 0.3565234375 0.546171875 0.0411328125 0.117109375
1 0.3211328125 0.55234375 0.0347265625 0.078984375
0 0.6758984375 0.710859375 0.0273046875 0.1110546875
2 0.6315234375 0.729921875 0.0167578125 0.135390625
2 0.595 0.7340625 0.031015625 0.11609375
5 0.5430859375 0.733828125 0.046640625 0.13859375
5 0.447734375 0.7193359375 0.0535546875 0.1638671875