0 0.315625 0.406484375 0.06046875 0.09515625
0 0.4112109375 0.41890625 0.0494140625 0.129140625
1 0.47046875 0.430390625 0.0301171875 0.106171875
3 0.5125390625 0.42140625 0.026875 0.1204296875
5 0.5736328125 0.3980078125 0.029609375 0.137890625
1 0.6864453125 0.4156640625 0.020859375 0.1319140625
0 0.7335546875 0.4285546875 0.0185546875 0.1025
4 0.74390625 0.526875 0.053046875 0.0785546875
4 0.61546875 0.576484375 0.030546875 0.1409765625
5 0.5497265625 0.6155078125 0.0369921875 0.1180078125
1 0.435546875 0.59484375 0.0521484375 0.1226171875