0 0.25908457711442784 0.483889816360601 0.02007960199004975 0.10824707846410685
0 0.34393034825870644 0.5201335559265442 0.02774129353233831 0.10440734557595993
1 0.41087562189054727 0.5287145242070117 0.039383084577114424 0.12156928213689482
5 0.47896517412935324 0.5043906510851419 0.041930348258706465 0.13971619365609347
5 0.5530149253731343 0.47672787979966613 0.02799004975124378 0.21792988313856426
5 0.637731343283582 0.45145242070116864 0.0382089552238806 0.21509181969949917
0 0.7615223880597015 0.48101836393989983 0.049850746268656716 0.14068447412353924
0 0.8192338308457712 0.47744574290484143 0.023114427860696517 0.10968280467445743
0 0.859313432835821 0.44193656093489153 0.01799004975124378 0.10065108514190317
4 0.7974825870646767 0.62550918196995 0.03932338308457712 0.11484140233722873
5 0.49943283582089554 0.7313522537562605 0.04875621890547264 0.17390651085141903
1 0.23961194029850746 0.662237061769616 0.020368159203980097 0.0947746243739566
4 0.30797014925373134 0.692737896494157 0.03826865671641791 0.1634390651085142