0 0.30916874480465506 0.4644429347826087 0.03314214463840399 0.0991711956521739
0 0.35516209476309224 0.4694157608695652 0.025378221113881962 0.11819293478260869
0 0.42 0.5024728260869565 0.03312551953449709 0.10277173913043479
2 0.4788694929343309 0.485258152173913 0.015103906899418124 0.14081521739130434
3 0.5286034912718204 0.5332608695652175 0.017589359933499586 0.10999999999999999
3 0.5446716541978387 0.5049592391304347 0.016475477971737325 0.11228260869565218
5 0.5757024106400666 0.4893342391304348 0.02312551953449709 0.13990489130434783
5 0.6167082294264339 0.48277173913043475 0.016467165419783873 0.1494157608695652
2 0.6363840399002494 0.4741711956521739 0.017015793848711554 0.12316576086956522
0 0.6769742310889443 0.4918342391304348 0.006758104738154614 0.1131929347826087
0 0.7109143807148794 0.4900271739130435 0.027531172069825433 0.09146739130434782
0 0.7552452202826268 0.46987771739130435 0.027522859517871985 0.11004076086956521
0 0.7984621778886117 0.608641304347826 0.05854530340814631 0.11130434782608696
2 0.6471903574397341 0.6559646739130435 0.03308395677472984 0.09271739130434782
2 0.6136658354114713 0.6641032608695652 0.015910224438902745 0.09089673913043479
2 0.5837406483790524 0.6869701086956522 0.011487946799667498 0.0958695652173913
5 0.545785536159601 0.6568614130434782 0.018694929343308395 0.1126358695652174
1 0.5047797173732336 0.6627581521739131 0.014264339152119701 0.0791304347826087
1 0.44036575228595176 0.6469021739130435 0.010124688279301745 0.11082880434782608