0 0.285676625659051 0.44313056379821963 0.01717047451669596 0.09891691394658754
1 0.4107381370826011 0.49305637982195843 0.01539543057996485 0.12954005934718102
2 0.42919156414762744 0.48390207715133526 0.011291739894551844 0.15574183976261127
3 0.48820738137082603 0.5172848664688426 0.015087873462214412 0.12853115727002967
3 0.511493848857645 0.5133234421364985 0.017715289982425306 0.12062314540059346
2 0.5596748681898066 0.6841543026706232 0.01741652021089631 0.11112759643916915
2 0.41484182776801404 0.6636201780415429 0.01187170474516696 0.14425816023738872
5 0.5740246045694201 0.47698813056379824 0.016827768014059753 0.12213649851632047
0 0.6681898066783831 0.4653709198813057 0.02764499121265378 0.11373887240356083
0 0.70597539543058 0.4527744807121662 0.020026362038664324 0.08359050445103858
4 0.7395079086115992 0.38799703264094954 0.025588752196836557 0.08264094955489615