0 0.08014613778705637 0.4010743801652893 0.044780793319415445 0.11252066115702479
0 0.14173277661795408 0.4249449035812672 0.04963465553235908 0.0684435261707989
0 0.227839248434238 0.4419283746556473 0.04440501043841336 0.09320936639118457
1 0.28489561586638834 0.4281404958677686 0.019342379958246347 0.13911845730027547
1 0.34961377870563676 0.4359504132231405 0.02350730688935282 0.14553719008264462
2 0.4082359081419624 0.4290633608815427 0.02593945720250522 0.12258953168044077
3 0.5013048016701461 0.43388429752066116 0.02069937369519833 0.12764462809917357
1 0.5681002087682673 0.40473829201101924 0.029039665970772444 0.13822314049586776
0 0.6542171189979124 0.4139256198347107 0.02381002087682672 0.11984848484848486
2 0.49782881002087687 0.6174793388429752 0.027661795407098122 0.16424242424242425
1 0.32073068893528184 0.6250550964187328 0.02838204592901879 0.1380716253443526
4 0.17773486430062632 0.588801652892562 0.041628392484342386 0.12983471074380165