1 0.24230833333333332 0.5589042995839113 0.03684166666666667 0.14138696255201108
1 0.40743333333333337 0.5385714285714286 0.03098333333333333 0.11922330097087377
0 0.47965 0.5309431345353676 0.030975000000000003 0.1455617198335645
5 0.5302083333333333 0.5103883495145631 0.020966666666666668 0.10907073509015257
5 0.6027 0.5568377253814147 0.01595 0.10488210818307907
0 0.6378333333333334 0.6028155339805825 0.016783333333333334 0.10900138696255202
0 0.6929666666666666 0.6259223300970874 0.013158333333333333 0.099750346740638
0 0.726025 0.6134535367545076 0.029266666666666663 0.0655617198335645
4 0.5020083333333333 0.7028710124826629 0.028466666666666664 0.11957004160887655
4 0.20911666666666667 0.6871705963938973 0.04545833333333333 0.10664355062413315
4 0.387575 0.7269070735090153 0.032933333333333335 0.16762829403606103