4 0.3993053173241852 0.444521354933726 0.020454545454545454 0.12223858615611193
1 0.4387564322469983 0.44820324005891016 0.01930531732418525 0.1541384388807069
0 0.5285162950257289 0.45580265095729017 0.02729845626072041 0.19387334315169363
5 0.5762521440823327 0.43175257731958766 0.03700686106346483 0.15561119293078055
5 0.641852487135506 0.42415316642120765 0.045283018867924525 0.13549337260677466
0 0.712607204116638 0.4028129602356406 0.018113207547169812 0.10754050073637703
0 0.7443310463121784 0.41017673048600883 0.030120068610634647 0.09281296023564065
0 0.761483704974271 0.5166715758468335 0.030111492281303602 0.09961708394698085
2 0.5147941680960549 0.6207069219440353 0.011286449399656947 0.09169366715758467
2 0.5639622641509434 0.6236524300441826 0.01813893653516295 0.09758468335787925
2 0.5994082332761578 0.6346980854197348 0.02042024013722127 0.11475699558173785
2 0.6146998284734134 0.608438880706922 0.019562607204116636 0.11624447717231223
2 0.43032590051457975 0.6324889543446244 0.011020583190394511 0.13487481590574374
2 0.39987993138936534 0.5966568483063328 0.010162950257289879 0.11232695139911635
2 0.3648627787307033 0.5912665684830634 0.023036020583190393 0.1309720176730486
2 0.31740994854202403 0.5436671575846833 0.008173241852487134 0.10450662739322532
4 0.2728130360205832 0.49998527245949925 0.021903945111492282 0.06625920471281296
0 0.28267581475128645 0.3920176730486009 0.0273327615780446 0.12521354933726067
1 0.32069468267581475 0.40379970544918997 0.01760720411663808 0.08986745213549338
1 0.3632933104631218 0.4236671575846834 0.02846483704974271 0.08543446244477172