0 0.28344588744588745 0.5189509306260575 0.034545454545454546 0.12323181049069373
5 0.37025974025974023 0.5411844331641286 0.04491774891774892 0.14834179357021998
5 0.46895238095238095 0.5387648054145516 0.029567099567099565 0.15318104906937394
1 0.5549090909090909 0.5245008460236887 0.04562770562770563 0.13917089678511
0 0.7227359307359307 0.4860913705583756 0.0225974025974026 0.11551607445008459
0 0.6766060606060607 0.5199153976311336 0.031757575757575755 0.08649746192893401
5 0.5583722943722943 0.69751269035533 0.03276190476190476 0.15646362098138747
4 0.2464588744588745 0.664906937394247 0.05705627705627706 0.1443993231810491
1 0.35554112554112555 0.7146869712351945 0.04269264069264069 0.09893401015228426
1 0.2948225108225108 0.7004230118443316 0.03750649350649351 0.12360406091370559
5 0.46648484848484845 0.7025888324873096 0.04440692640692641 0.18109983079526226