5 0.38992505353319057 0.4059056603773585 0.029860813704496787 0.12218867924528302
5 0.3416167023554604 0.44645283018867926 0.03228051391862955 0.1089622641509434
0 0.2724304068522484 0.4339622641509434 0.02506423982869379 0.10754716981132076
0 0.23684154175588865 0.4478867924528302 0.023458244111349037 0.08349056603773584
0 0.1906745182012848 0.44269811320754715 0.030160599571734475 0.08256603773584906
2 0.37360813704496787 0.6482830188679245 0.023972162740899357 0.13524528301886793
2 0.4472055674518201 0.6588867924528301 0.015931477516059958 0.1328679245283019
2 0.5105032119914347 0.39269811320754716 0.011370449678800855 0.09579245283018868
3 0.5137152034261242 0.6355471698113208 0.028501070663811565 0.1380754716981132
1 0.5691220556745181 0.6369622641509434 0.016177730192719484 0.11262264150943396
0 0.6811241970021413 0.6320188679245283 0.02339400428265525 0.10743396226415095
0 0.6530192719486081 0.42430188679245284 0.02607066381156317 0.13066037735849056
0 0.618629550321199 0.43749056603773584 0.013501070663811562 0.1570566037735849
0 0.5958779443254818 0.42949056603773583 0.026884368308351177 0.13160377358490566
0 0.8010278372591007 0.4379811320754717 0.02765524625267666 0.11084905660377359
4 0.8043790149892933 0.5737735849056604 0.03167023554603854 0.09945283018867924