0 0.20379220779220777 0.6268835616438356 0.023670995670995672 0.14126712328767124
1 0.2997662337662338 0.6034246575342466 0.047402597402597405 0.1491095890410959
1 0.4239393939393939 0.5442465753424657 0.028580086580086577 0.1383904109589041
5 0.5547878787878787 0.5483904109589041 0.02806926406926407 0.16136986301369863
0 0.705047619047619 0.5804452054794521 0.046103896103896105 0.10118150684931508
0 0.746978354978355 0.5845890410958904 0.0216017316017316 0.13590753424657534
1 0.7905108225108225 0.5960958904109589 0.01961904761904762 0.08553082191780823
4 0.7782683982683982 0.7474486301369863 0.05201731601731602 0.13875
4 0.45176623376623376 0.7136986301369863 0.032285714285714286 0.15929794520547946
5 0.5441471861471862 0.7159075342465753 0.03153246753246754 0.17837328767123287
2 0.5766753246753247 0.7056335616438356 0.019896103896103898 0.12849315068493153