1 0.24685827552031717 0.5581620553359684 0.01975222993062438 0.1009486166007905
1 0.27360753221010903 0.5636363636363636 0.013805748265609515 0.1250790513833992
0 0.3101684836471754 0.556403162055336 0.016442021803766103 0.09743083003952568
0 0.3439742319127849 0.5465217391304348 0.01576808721506442 0.09962450592885375
5 0.3877998017839445 0.5353162055335968 0.028533201189296333 0.16067193675889327
5 0.4672943508424182 0.5667193675889328 0.01574826560951437 0.10488142292490119
3 0.47181367690782955 0.566699604743083 0.02257680872150644 0.15756916996047432
1 0.4919623389494549 0.5831818181818181 0.01222001982160555 0.10707509881422925
1 0.5361149653121904 0.5403557312252965 0.010237859266600594 0.1751581027667984
5 0.584786917740337 0.5509090909090909 0.023875123885034686 0.1435375494071146
0 0.622775024777007 0.5100790513833993 0.00956392467789891 0.1058102766798419
1 0.6496432111000991 0.5074505928853754 0.01043607532210109 0.10053359683794466
4 0.5825768087215065 0.7039130434782609 0.03709613478691774 0.12895256916996048
2 0.5161843409316155 0.726304347826087 0.025431119920713577 0.12982213438735177