0 0.1947269807280514 0.3752551574375679 0.01899892933618844 0.1667969598262758
0 0.23808351177730194 0.41738327904451683 0.01963597430406852 0.09991313789359392
0 0.28004817987152036 0.4275787187839305 0.029903640256959314 0.18020629750271444
0 0.7654496788008565 0.43995656894679697 0.04224304068522484 0.11031487513572204
0 0.7239079229122055 0.4627470141150923 0.019127408993576015 0.11681867535287731
0 0.8076284796573876 0.3987079261672095 0.0452355460385439 0.12336590662323561
3 0.5241381156316917 0.5135396308360478 0.026440042826552462 0.1923344191096634
1 0.4624732334047109 0.49009771986970685 0.04015524625267666 0.16975027144408253
1 0.41301391862955034 0.4926927252985885 0.044871520342612416 0.18888165038002172
1 0.18669164882226982 0.564343105320304 0.05390256959314775 0.11501628664495114
4 0.8133029978586723 0.5988599348534202 0.0458779443254818 0.13279044516829533
5 0.5721038543897217 0.47619978284473397 0.03499464668094219 0.22185667752442997