0 0.09081632653061225 0.44357142857142856 0.03845481049562682 0.11475714285714285
0 0.13649173955296404 0.4726142857142857 0.032614188532555884 0.10617142857142856
0 0.19592808551992227 0.48547142857142855 0.025150631681243926 0.1033142857142857
0 0.2616812439261419 0.4840428571428571 0.020612244897959184 0.09092857142857143
0 0.8497473275024295 0.3993 0.020835762876579206 0.11192857142857142
1 0.7914382896015549 0.44357142857142856 0.020845481049562683 0.11475714285714285
1 0.719047619047619 0.47380000000000005 0.015344995140913507 0.12282857142857144
1 0.7935471331389699 0.6159 0.024402332361516035 0.12037142857142857
1 0.8667444120505345 0.5816285714285714 0.038649173955296406 0.08611428571428571
5 0.41229348882410105 0.47974285714285714 0.056209912536443155 0.1490142857142857
5 0.3517298347910593 0.49355714285714286 0.05816326530612245 0.14805714285714286
4 0.09988338192419825 0.5961428571428572 0.04363459669582118 0.12942857142857142
4 0.5671234207968903 0.6758714285714286 0.06785228377065111 0.12222857142857144
3 0.44420796890184644 0.6770714285714285 0.03903790087463557 0.1008142857142857
2 0.3682507288629738 0.7039571428571428 0.03289601554907678 0.13078571428571428
1 0.2879203109815355 0.6718285714285714 0.02772594752186589 0.1189
4 0.14960155490767735 0.6230428571428571 0.042653061224489794 0.10227142857142858
0 0.15527696793002915 0.6182714285714286 0.01835762876579203 0.11180000000000001