0 0.2283203125 0.400078125 0.032890625 0.0823046875
0 0.284375 0.419375 0.053125 0.1025
0 0.34296875 0.4515234375 0.0462109375 0.1300390625
5 0.423828125 0.4358984375 0.0608984375 0.1171875
1 0.4996484375 0.3973046875 0.0562890625 0.1503125
3 0.5733984375 0.4324609375 0.015390625 0.1241015625
5 0.6080859375 0.4129296875 0.052578125 0.144765625
0 0.73859375 0.44625 0.05625 0.078125
0 0.8146484375 0.4609375 0.0475 0.07078125
4 0.203046875 0.5748828125 0.1018359375 0.0964453125
4 0.3250390625 0.556015625 0.0379296875 0.1047265625
3 0.5462890625 0.5776171875 0.0438671875 0.0835546875
3 0.63359375 0.5971484375 0.0714453125 0.1180078125