4 0.232890625 0.307265625 0.06046875 0.09890625
4 0.2228125 0.533046875 0.021875 0.11390625
4 0.28046875 0.546171875 0.0462109375 0.1134375
0 0.6701171875 0.4891796875 0.0387890625 0.0951171875
0 0.7326171875 0.4173046875 0.0351171875 0.0662109375
4 0.75859375 0.3508984375 0.053046875 0.08140625
4 0.8026953125 0.5580859375 0.0456640625 0.1079296875
0 0.676796875 0.6247265625 0.0475390625 0.099609375
0 0.7408984375 0.5976171875 0.0148828125 0.0913671875
1 0.4461328125 0.6775390625 0.02734375 0.1409375
3 0.5113671875 0.498828125 0.0291796875 0.1603515625