0 0.3983203125 0.3733984375 0.0420703125 0.1025390625
5 0.4918359375 0.34421875 0.031484375 0.1498828125
3 0.5515625 0.3768359375 0.022265625 0.15078125
3 0.58765625 0.3894921875 0.0346875 0.1255078125
5 0.6593359375 0.390859375 0.0309765625 0.137421875
0 0.715390625 0.4083203125 0.0223046875 0.1172265625
0 0.750078125 0.406953125 0.0148828125 0.086875
4 0.785703125 0.4986328125 0.0429296875 0.065234375
3 0.525859375 0.529375 0.0259765625 0.088203125
1 0.463359375 0.5165234375 0.0480078125 0.1176171875
1 0.408203125 0.4972265625 0.0296484375 0.11578125