0 0.25359375 0.47171875 0.0375 0.1153125
0 0.2889453125 0.4721875 0.04390625 0.143828125
0 0.3643359375 0.4627734375 0.047578125 0.1112109375
1 0.63015625 0.4581640625 0.0783203125 0.1755078125
1 0.735625 0.4618359375 0.036484375 0.1461328125
3 0.5352734375 0.4698828125 0.0218359375 0.1300390625
1 0.501484375 0.4471484375 0.026875 0.1203515625
4 0.2308203125 0.6132421875 0.0425390625 0.1409765625
5 0.436015625 0.6508984375 0.062265625 0.1244140625
1 0.5828125 0.6630859375 0.0553515625 0.1147265625
4 0.831875 0.6169140625 0.0498046875 0.129921875