0 0.2112890625 0.343125 0.026484375 0.1006640625
5 0.3799609375 0.35390625 0.0604296875 0.123203125
3 0.4644921875 0.39546875 0.02734375 0.091484375
3 0.54078125 0.373203125 0.0328515625 0.08828125
1 0.645078125 0.350703125 0.0594921875 0.11125
1 0.7098828125 0.3203515625 0.04015625 0.102109375
1 0.79421875 0.311640625 0.04796875 0.1122265625
2 0.719765625 0.5585546875 0.0461328125 0.114375
2 0.6575 0.556953125 0.0273046875 0.1065625
2 0.595 0.56890625 0.0677734375 0.1120703125
3 0.512734375 0.5849609375 0.022734375 0.09828125
5 0.4385546875 0.5858984375 0.0535546875 0.1184765625
1 0.3633984375 0.5909375 0.0457421875 0.119375
1 0.26921875 0.576484375 0.0503515625 0.1226171875