0 0.2515234375 0.414765625 0.03796875 0.130078125
0 0.3135546875 0.42140625 0.0425390625 0.10203125
5 0.392109375 0.399140625 0.0434375 0.1355859375
3 0.4801171875 0.4175 0.0218359375 0.1171875
3 0.52078125 0.4129296875 0.0434375 0.1080078125
5 0.5931640625 0.3883203125 0.02734375 0.146171875
1 0.665078125 0.406015625 0.037890625 0.1034375
0 0.73125 0.4039453125 0.0415625 0.122265625
4 0.7815625 0.341953125 0.036484375 0.0993359375
4 0.7859375 0.5502734375 0.0498046875 0.15296875
5 0.4031640625 0.575078125 0.047109375 0.1658203125
3 0.4978125 0.5622265625 0.03421875 0.1033203125
1 0.56765625 0.5854296875 0.045234375 0.1267578125
4 0.206015625 0.5505078125 0.0480859375 0.1304296875