4 0.776875 0.4470703125 0.0437890625 0.1122265625
1 0.742265625 0.6315234375 0.05625 0.1153125
0 0.2744140625 0.50015625 0.0261328125 0.1224609375
0 0.3173828125 0.5108203125 0.0339453125 0.101171875
3 0.499921875 0.5298046875 0.0296484375 0.0858984375
3 0.533828125 0.5237890625 0.01578125 0.0951171875
5 0.6319921875 0.49875 0.0381640625 0.1054296875
4 0.2144140625 0.5963671875 0.035390625 0.123125
5 0.449140625 0.6721484375 0.063046875 0.1362109375
1 0.4031640625 0.63703125 0.0612890625 0.1525390625
1 0.560078125 0.6668359375 0.054140625 0.146875