0 0.163984375 0.3890234375 0.0549609375 0.115390625
0 0.218203125 0.452421875 0.049453125 0.0951171875
1 0.6278515625 0.4933203125 0.06453125 0.1015234375
1 0.7326171875 0.479296875 0.0351171875 0.089140625
0 0.774921875 0.45359375 0.0461328125 0.0928125
4 0.7962890625 0.59046875 0.0475 0.12765625
4 0.20921875 0.568203125 0.0453125 0.0876953125
2 0.405234375 0.667421875 0.02828125 0.1391015625
3 0.5108984375 0.50734375 0.0374609375 0.1359765625
3 0.4766796875 0.5001953125 0.0287109375 0.135546875
1 0.3514453125 0.4859765625 0.0586328125 0.134609375
5 0.41234375 0.490546875 0.047109375 0.1621875
5 0.6595703125 0.6325390625 0.045234375 0.08765625