0 0.2375 0.606328125 0.0512890625 0.08125
5 0.3597265625 0.5744140625 0.07515625 0.1414453125
5 0.5573046875 0.557421875 0.0475390625 0.1350390625
5 0.652890625 0.5307421875 0.0365234375 0.136875
1 0.715859375 0.5241015625 0.0429296875 0.1098046875
4 0.75125 0.4703515625 0.049375 0.1033984375
3 0.610390625 0.706015625 0.029609375 0.1059765625
3 0.660703125 0.6915625 0.0429296875 0.10921875
3 0.4891015625 0.7276171875 0.0259765625 0.1216015625
3 0.3992578125 0.733828125 0.0255078125 0.0834765625
0 0.3459375 0.7365625 0.02921875 0.1257421875
0 0.292421875 0.7317578125 0.0186328125 0.1023046875
4 0.241640625 0.7351953125 0.0319921875 0.0954296875