4 0.1726953125 0.6398828125 0.0595703125 0.10234375
4 0.824296875 0.475390625 0.0576171875 0.104296875
4 0.81625 0.6692578125 0.0553125 0.1244140625
3 0.5074609375 0.5277734375 0.0259765625 0.09875
3 0.4679296875 0.5355859375 0.02046875 0.1235546875
1 0.4332421875 0.54984375 0.0383984375 0.087734375
1 0.377890625 0.5516796875 0.0425390625 0.1281640625
0 0.29515625 0.54453125 0.0425390625 0.109296875
5 0.446796875 0.6738671875 0.0333203125 0.13359375
1 0.610625 0.6741015625 0.0438671875 0.129453125
1 0.71171875 0.687890625 0.0438671875 0.1386328125
5 0.5548046875 0.6814453125 0.0562890625 0.12578125
3 0.3123828125 0.6933984375 0.04484375 0.09453125
3 0.3670703125 0.6748046875 0.016328125 0.0802734375
3 0.2340625 0.680546875 0.0398046875 0.105546875