0 0.214765625 0.5571875 0.048984375 0.12078125
0 0.280234375 0.5636328125 0.017265625 0.06015625
5 0.3884375 0.5197265625 0.03609375 0.11484375
5 0.4566796875 0.545234375 0.0576953125 0.0969140625
5 0.552734375 0.556015625 0.038359375 0.1230859375
1 0.742265625 0.6086328125 0.045234375 0.0803125
4 0.199375 0.656171875 0.0393359375 0.1028125
5 0.3716796875 0.6777734375 0.0365625 0.088984375
5 0.4291015625 0.6775390625 0.039296875 0.1041796875
5 0.518046875 0.65734375 0.0562890625 0.1005078125
0 0.650625 0.6897265625 0.04109375 0.0871875