1 0.2191015625 0.3015234375 0.0512890625 0.110390625
0 0.26828125 0.4087890625 0.03015625 0.0721875
0 0.3174609375 0.41015625 0.0273828125 0.1025
5 0.40015625 0.4241796875 0.0641015625 0.144296875
3 0.5196484375 0.4464453125 0.02734375 0.1107421875
3 0.5697265625 0.4510546875 0.02640625 0.119921875
5 0.633359375 0.442109375 0.0571875 0.1341796875
1 0.7069140625 0.4395703125 0.0387890625 0.106171875
0 0.7675390625 0.4053515625 0.0314453125 0.1158203125
0 0.813515625 0.349296875 0.03140625 0.0956640625
4 0.1770703125 0.495625 0.0544921875 0.10796875
1 0.3551171875 0.5856640625 0.047578125 0.1226171875
3 0.504921875 0.6171484375 0.016328125 0.107421875
3 0.5316015625 0.6019921875 0.014453125 0.0862890625
5 0.6563671875 0.60703125 0.0480078125 0.123984375
1 0.704375 0.60359375 0.0475390625 0.1125
4 0.8509375 0.51125 0.05578125 0.1024609375