5 0.554765625 0.367421875 0.06 0.1071484375
0 0.2666796875 0.368125 0.02234375 0.0873828125
0 0.3133203125 0.3660546875 0.02828125 0.069453125
0 0.3675390625 0.3871875 0.0264453125 0.0933203125
1 0.439921875 0.3594140625 0.058125 0.101171875
0 0.718828125 0.372265625 0.0259375 0.10484375
0 0.7211328125 0.4976953125 0.0580859375 0.0744140625
4 0.78109375 0.4669140625 0.044765625 0.1102734375
4 0.2678125 0.48 0.0383984375 0.0951171875
1 0.43140625 0.5505078125 0.0530859375 0.1304296875
2 0.51046875 0.5544140625 0.02734375 0.1152734375
5 0.6384375 0.549375 0.0397265625 0.1511328125