0 0.179375 0.5863671875 0.0315234375 0.0918359375
0 0.2402734375 0.618046875 0.0383984375 0.0725
1 0.2983984375 0.615546875 0.0581640625 0.099609375
0 0.36890625 0.5626953125 0.0383984375 0.0766796875
5 0.4040625 0.4898828125 0.0489453125 0.10109375
3 0.47 0.5275390625 0.02 0.08453125
3 0.497578125 0.5204296875 0.02 0.102421875
5 0.5559375 0.518828125 0.053984375 0.168125
0 0.633359375 0.564765625 0.0204296875 0.11296875
0 0.7052734375 0.57921875 0.0309765625 0.109765625
0 0.7418359375 0.583828125 0.0351171875 0.100546875
0 0.781328125 0.5930078125 0.040625 0.0821875
4 0.778828125 0.7547265625 0.0493359375 0.111484375
1 0.57890625 0.7271484375 0.0448046875 0.1298828125
1 0.4288671875 0.7423046875 0.0618359375 0.1509765625
1 0.3645703125 0.745546875 0.0434375 0.12984375