4 0.19453125 0.4544921875 0.0710546875 0.113046875
4 0.1731640625 0.672734375 0.0512890625 0.1175
4 0.24046875 0.648125 0.0342578125 0.11890625
1 0.3771875 0.69453125 0.0365625 0.1105859375
1 0.4580859375 0.6729296875 0.0328515625 0.1501171875
1 0.580078125 0.6741015625 0.0425 0.129453125
4 0.82015625 0.6476953125 0.0585546875 0.1087890625
0 0.7730859375 0.5213671875 0.0240625 0.0858984375
0 0.72390625 0.537421875 0.0268359375 0.09046875
5 0.6198046875 0.5250390625 0.0438671875 0.111640625
5 0.563984375 0.5050390625 0.037890625 0.1405859375
3 0.517109375 0.51859375 0.0360546875 0.080390625
1 0.419453125 0.49515625 0.047578125 0.1530078125
1 0.37375 0.5165234375 0.0434375 0.1176171875
0 0.311015625 0.4972265625 0.032890625 0.0973828125
0 0.257734375 0.5280078125 0.0365625 0.094609375