0 0.22625 0.3591796875 0.033359375 0.0832421875
0 0.261640625 0.3660546875 0.0581640625 0.1245703125
1 0.3516796875 0.3897265625 0.0544921875 0.1213671875
1 0.4144140625 0.3929296875 0.026875 0.1737109375
3 0.4810546875 0.4071875 0.04203125 0.1011328125
3 0.524453125 0.406953125 0.0323828125 0.1236328125
5 0.5694921875 0.40671875 0.0489453125 0.146171875
5 0.6823046875 0.368828125 0.069609375 0.115390625
0 0.7870703125 0.4041796875 0.029140625 0.099765625
4 0.2269140625 0.49609375 0.057734375 0.0996875
4 0.6979296875 0.5734765625 0.053046875 0.0844921875
4 0.816484375 0.4896484375 0.051171875 0.0868359375
1 0.57546875 0.590703125 0.0516796875 0.123515625
2 0.578671875 0.5875 0.0489453125 0.1262890625
1 0.4378515625 0.57140625 0.0291796875 0.1768359375
1 0.4019921875 0.5773828125 0.0277734375 0.1501953125