0 0.326640625 0.41109375 0.0273828125 0.122734375
0 0.747578125 0.445078125 0.0236328125 0.098828125
0 0.6912890625 0.43796875 0.044296875 0.1351171875
5 0.621875 0.45359375 0.0433984375 0.1295703125
3 0.536640625 0.46875 0.015390625 0.1139453125
3 0.5040234375 0.4634765625 0.0144921875 0.0804296875
5 0.4148828125 0.4322265625 0.02 0.091484375
4 0.291953125 0.521328125 0.0453125 0.1042578125
1 0.6942578125 0.6120703125 0.049375 0.1065234375
4 0.47828125 0.582890625 0.054921875 0.13546875
5 0.3990234375 0.5773828125 0.0296484375 0.124453125
5 0.5665234375 0.598515625 0.0475390625 0.1483203125