4 0.182109375 0.395234375 0.03703125 0.1507421875
0 0.2737890625 0.4857421875 0.041171875 0.1019921875
3 0.5246875 0.511015625 0.0282421875 0.1065625
3 0.4879296875 0.491484375 0.02828125 0.127265625
5 0.59890625 0.483203125 0.04890625 0.1327734375
1 0.6473828125 0.484375 0.02546875 0.1451953125
1 0.7055078125 0.49078125 0.0268359375 0.1396875
5 0.7611328125 0.4857421875 0.036953125 0.1019921875
4 0.805 0.6421875 0.05578125 0.1161328125
4 0.1844140625 0.6462890625 0.0508203125 0.13359375
5 0.3958203125 0.733359375 0.032421875 0.146875
2 0.4812890625 0.7016796875 0.0379296875 0.1294140625
5 0.5497265625 0.7073828125 0.0369921875 0.1546875
5 0.6329296875 0.7266796875 0.0470703125 0.1565234375