0 0.3147630922693267 0.4896812080536913 0.028171238570241064 0.08196308724832214
0 0.351571072319202 0.4733892617449664 0.021039068994181214 0.10687919463087249
1 0.28662510390689944 0.6066107382550336 0.019866999168744803 0.1048993288590604
4 0.3824438902743142 0.655 0.023898586866167915 0.13840604026845638
5 0.4369492934330839 0.6837583892617449 0.03266832917705735 0.1345469798657718
5 0.4811221945137157 0.6947818791946309 0.026009975062344138 0.12783557046979865
5 0.5123441396508729 0.6756208053691275 0.043341645885286786 0.16619127516778523
5 0.47636741479634254 0.5352013422818792 0.026009975062344138 0.14422818791946307
5 0.5054613466334165 0.5016610738255034 0.0343142144638404 0.15384228187919463
5 0.43576059850374066 0.4846476510067114 0.03503740648379052 0.11503355704697987
3 0.565544472152951 0.5117281879194631 0.02623441396508728 0.10686241610738255
0 0.610423940149626 0.516996644295302 0.025752285951787197 0.08864093959731544
0 0.654123025768911 0.482248322147651 0.018137988362427266 0.11981543624161073
0 0.6923607647547797 0.47578859060402684 0.023358270989193682 0.08291946308724832
4 0.6515128844555278 0.6449496644295302 0.03666666666666667 0.08568791946308725
4 0.6949709060681629 0.5891275167785235 0.03333333333333333 0.0938758389261745
4 0.6038985868661679 0.6641107382550335 0.029310058187863672 0.1240268456375839