4 0.2126953125 0.6538671875 0.056796875 0.12578125
4 0.798125 0.6518359375 0.051171875 0.1078515625
0 0.7767578125 0.4946875 0.0314453125 0.069375
0 0.7323828125 0.5133203125 0.0392578125 0.08359375
0 0.6951953125 0.527109375 0.029140625 0.0927734375
5 0.619140625 0.513984375 0.037890625 0.1447265625
3 0.4996484375 0.5461328125 0.01953125 0.1355078125
3 0.5187109375 0.51859375 0.0255078125 0.09875
1 0.4185546875 0.5390234375 0.02734375 0.1166796875
1 0.3755859375 0.556015625 0.02875 0.1047265625
1 0.467734375 0.710625 0.04296875 0.151953125
1 0.556171875 0.7122265625 0.031484375 0.1230078125
1 0.617734375 0.7117578125 0.0626953125 0.1496484375
0 0.7342578125 0.6669921875 0.0429296875 0.0922265625