0 0.0837890625 0.42625 0.0241796875 0.12546875
0 0.1308984375 0.4616015625 0.0402734375 0.150234375
0 0.19359375 0.4721875 0.0508203125 0.1254296875
0 0.25703125 0.483671875 0.048984375 0.1024609375
5 0.3659375 0.482734375 0.055390625 0.1373828125
5 0.466328125 0.511015625 0.031015625 0.1249609375
5 0.677265625 0.4664453125 0.05265625 0.1553125
0 0.78890625 0.45265625 0.02234375 0.127734375
0 0.8383203125 0.39890625 0.044296875 0.084609375
5 0.856015625 0.56796875 0.0566796875 0.0918359375
5 0.7767578125 0.5866015625 0.0498046875 0.0876953125
5 0.081953125 0.5741796875 0.0940234375 0.09046875
5 0.0456640625 0.576484375 0.0673828125 0.0244140625
1 0.3176953125 0.683046875 0.0232421875 0.151953125
1 0.516875 0.686953125 0.0401953125 0.1183984375
1 0.560078125 0.6823828125 0.053046875 0.10921875
1 0.7108203125 0.676640625 0.0419921875 0.10234375