0 0.253125 0.5401953125 0.0273828125 0.132734375
0 0.307109375 0.5519140625 0.0296875 0.087265625
5 0.4022265625 0.536953125 0.0452734375 0.1355078125
5 0.4998828125 0.563359375 0.0360546875 0.1047265625
0 0.7948828125 0.582890625 0.0171875 0.0987109375
0 0.85875 0.5599609375 0.043828125 0.0528125
1 0.7769921875 0.7002734375 0.0273046875 0.0991015625
2 0.669921875 0.741875 0.0245703125 0.1592578125
2 0.6051171875 0.7154296875 0.0328515625 0.1569921875
1 0.3294140625 0.6773046875 0.05125 0.1266796875
4 0.265546875 0.66125 0.0430078125 0.1037109375
1 0.4994140625 0.7124609375 0.023671875 0.155625