0 0.238203125 0.5360546875 0.0205078125 0.0785546875
5 0.4019921875 0.525703125 0.031015625 0.1359765625
3 0.49734375 0.529375 0.024140625 0.1249609375
3 0.4569140625 0.5362890625 0.016796875 0.0927734375
5 0.5828125 0.50984375 0.0480078125 0.127265625
0 0.6600390625 0.53078125 0.01859375 0.118515625
0 0.692421875 0.52203125 0.0236328125 0.110234375
1 0.26 0.6699609375 0.065078125 0.0973046875
1 0.3675390625 0.68765625 0.0264453125 0.124375
5 0.4240625 0.6775390625 0.0383984375 0.1225390625
5 0.5430859375 0.6823828125 0.046640625 0.13125
5 0.584453125 0.67890625 0.03375 0.1381640625
0 0.6947265625 0.6736328125 0.05578125 0.1193359375