1 0.21796875 0.3237890625 0.0168359375 0.0768359375
0 0.2439453125 0.391328125 0.0273828125 0.0740234375
0 0.294921875 0.4071875 0.02828125 0.1194921875
0 0.3599609375 0.4510546875 0.0342578125 0.119921875
1 0.424765625 0.4669140625 0.0259765625 0.1102734375
3 0.475546875 0.478828125 0.031015625 0.1341796875
3 0.5221875 0.4808984375 0.0369921875 0.1153125
5 0.5671875 0.4698828125 0.03515625 0.1483984375
5 0.6512890625 0.4439453125 0.0470703125 0.1378515625
5 0.7216015625 0.42625 0.0314453125 0.0887109375
0 0.7677734375 0.3968359375 0.0273046875 0.1034375
4 0.7880078125 0.2953125 0.067734375 0.1117578125
5 0.245078125 0.5863671875 0.0434765625 0.0734375
1 0.3629296875 0.6626171875 0.035625 0.0973046875
2 0.4537109375 0.6699609375 0.0379296875 0.14875
2 0.52859375 0.629765625 0.031484375 0.1740234375
1 0.5959375 0.65734375 0.0328515625 0.155625
2 0.65703125 0.6474609375 0.0171875 0.1496875
5 0.6947265625 0.63640625 0.037421875 0.164375
4 0.7652734375 0.588203125 0.036015625 0.0955078125