5 0.46359375 0.714765625 0.062265625 0.151015625
0 0.662109375 0.56015625 0.0365234375 0.06703125
0 0.236796875 0.507578125 0.0269140625 0.058359375
0 0.288046875 0.545703125 0.0237109375 0.0702734375
1 0.331484375 0.55625 0.032421875 0.063828125
5 0.4534765625 0.5553515625 0.0604296875 0.09875
0 0.7144921875 0.5477734375 0.0309765625 0.05140625
0 0.622578125 0.707421875 0.031015625 0.1179296875
0 0.284375 0.668125 0.053125 0.1083203125
0 0.361328125 0.68421875 0.0278125 0.09453125
4 0.2356640625 0.6251953125 0.02921875 0.091328125