0 0.3211328125 0.476796875 0.016328125 0.11625
0 0.3771875 0.4937890625 0.0365625 0.1410546875
5 0.4778125 0.4965234375 0.063203125 0.164921875
3 0.552265625 0.5011328125 0.0282421875 0.118984375
0 0.6058203125 0.4845703125 0.038828125 0.1410546875
0 0.6510546875 0.4781640625 0.0328125 0.0914453125
0 0.6979296875 0.467578125 0.0346484375 0.097890625
1 0.2921875 0.6203515625 0.0227734375 0.1046875
4 0.3523828125 0.6446875 0.0420703125 0.12578125
5 0.4376171875 0.7041796875 0.05171875 0.128046875
5 0.5191796875 0.686484375 0.035625 0.1266796875
2 0.56375 0.702109375 0.023671875 0.13953125
1 0.6184375 0.6938671875 0.0503125 0.1230078125
1 0.66828125 0.645859375 0.0351171875 0.08671875
4 0.7016015625 0.615078125 0.060390625 0.08953125