0 0.269453125 0.40765625 0.0241796875 0.1590234375
0 0.307109375 0.45796875 0.0296875 0.0877734375
1 0.3815625 0.461171875 0.0498828125 0.1033984375
1 0.4376171875 0.4551953125 0.0149609375 0.1190234375
1 0.477578125 0.465078125 0.030546875 0.125
1 0.5228515625 0.4678125 0.0245703125 0.112109375
0 0.5855859375 0.4781640625 0.03515625 0.1465625
5 0.6248828125 0.448515625 0.0521484375 0.1139453125
0 0.692421875 0.4662109375 0.0236328125 0.1226953125
0 0.7448046875 0.4671484375 0.036484375 0.0877734375
4 0.7567578125 0.379609375 0.0419921875 0.0827734375
5 0.5738671875 0.619453125 0.0438671875 0.12484375
5 0.6395703125 0.6283984375 0.037421875 0.106953125
0 0.7250390625 0.615078125 0.0429296875 0.107890625