0 0.2556640625 0.5698046875 0.03703125 0.11390625
1 0.342265625 0.5287109375 0.040234375 0.13734375
0 0.4341796875 0.5128515625 0.040234375 0.165390625
0 0.52515625 0.475390625 0.038359375 0.196171875
0 0.6014453125 0.5130859375 0.02546875 0.16125
2 0.71125 0.5303125 0.03375 0.14515625
2 0.8029296875 0.5305078125 0.0378515625 0.1777734375
2 0.264609375 0.7806640625 0.118359375 0.1330859375
5 0.5467578125 0.72484375 0.053984375 0.189609375
1 0.6519921875 0.7244140625 0.0346875 0.124375
1 0.7066796875 0.7349609375 0.0429296875 0.1546875