0 0.2742578125 0.4781640625 0.032890625 0.0914453125
0 0.3101171875 0.5473046875 0.01265625 0.0780859375
1 0.3636328125 0.560390625 0.0232421875 0.118046875
1 0.412109375 0.556953125 0.0328515625 0.1433203125
1 0.4966796875 0.5640625 0.0365234375 0.125390625
1 0.57203125 0.57140625 0.0401953125 0.140078125
0 0.6788671875 0.5624609375 0.028671875 0.0991796875
0 0.739296875 0.5633984375 0.02546875 0.08265625
1 0.790078125 0.499296875 0.0378515625 0.0932421875
4 0.248984375 0.6858203125 0.0466796875 0.120703125
5 0.463125 0.7344921875 0.0337890625 0.1629296875
1 0.54953125 0.7386328125 0.022734375 0.1987890625
2 0.6207421875 0.7363671875 0.0273046875 0.1298828125
0 0.6627734375 0.7156640625 0.0424609375 0.11609375
4 0.7801953125 0.695703125 0.0612890625 0.10828125