0 0.3641015625 0.5282421875 0.0333203125 0.1272265625
5 0.416953125 0.506640625 0.0379296875 0.1483984375
1 0.295859375 0.52984375 0.0301171875 0.171796875
5 0.2581640625 0.668828125 0.02828125 0.1510546875
1 0.388203125 0.7207421875 0.054921875 0.1133203125
1 0.6480859375 0.706015625 0.0314453125 0.1059765625
1 0.6019140625 0.7117578125 0.0355859375 0.1680078125
2 0.5525 0.7085546875 0.0241015625 0.115625
2 0.504921875 0.72625 0.016328125 0.128046875
2 0.483125 0.7007421875 0.023203125 0.127578125
2 0.6717578125 0.5280078125 0.0282421875 0.1313671875
5 0.615234375 0.5045703125 0.0162890625 0.1672265625
3 0.55640625 0.51078125 0.02734375 0.1291015625
1 0.47921875 0.513984375 0.02 0.126328125