0 0.2453125 0.5401953125 0.0209375 0.114375
0 0.28734375 0.557421875 0.017734375 0.1533984375
0 0.3448046875 0.5551171875 0.031484375 0.12125
1 0.41578125 0.5505078125 0.0218359375 0.1304296875
1 0.47921875 0.552578125 0.038359375 0.148359375
3 0.5433203125 0.571875 0.0241015625 0.0766796875
3 0.5653515625 0.5592578125 0.031484375 0.1387109375
0 0.6166015625 0.559921875 0.046640625 0.1446875
5 0.67703125 0.5693359375 0.0433984375 0.140546875
5 0.750078125 0.5810546875 0.0148828125 0.1134375
0 0.7825 0.576484375 0.0383203125 0.085859375
0 0.8576171875 0.538359375 0.0461328125 0.0923046875
1 0.7755859375 0.6933984375 0.05578125 0.09453125
1 0.8348828125 0.6759375 0.0328125 0.0963671875
1 0.40109375 0.6975390625 0.0291796875 0.1119921875
1 0.3248046875 0.676875 0.0420703125 0.1165625
4 0.26390625 0.65 0.0351953125 0.1041796875