0 0.2244140625 0.521328125 0.0296875 0.1042578125
1 0.3303125 0.5351171875 0.0347265625 0.1134375
3 0.4681640625 0.568203125 0.0346875 0.124453125
3 0.516875 0.5626953125 0.0218359375 0.1501953125
1 0.561015625 0.533515625 0.0365234375 0.16078125
1 0.6600390625 0.5001953125 0.036953125 0.15390625
0 0.704609375 0.51859375 0.025 0.080390625
0 0.757890625 0.4942578125 0.0396875 0.07765625
1 0.3408984375 0.7469140625 0.0466796875 0.1234375
5 0.6405078125 0.7547265625 0.05765625 0.1666015625
4 0.754921875 0.6941015625 0.075078125 0.1188671875