0 0.2073828125 0.52640625 0.041640625 0.086796875
0 0.36546875 0.5780859375 0.0452734375 0.1304296875
1 0.444296875 0.571875 0.023671875 0.1134375
1 0.5267578125 0.5693359375 0.0278125 0.1221484375
5 0.5973046875 0.5592578125 0.04109375 0.1276953125
0 0.6712890625 0.56015625 0.018125 0.1037890625
0 0.72828125 0.5619921875 0.021796875 0.1074609375
0 0.7604296875 0.5599609375 0.0309765625 0.071171875
4 0.7838671875 0.646328125 0.0502734375 0.0784765625
5 0.3992578125 0.698203125 0.04390625 0.136328125
5 0.5858203125 0.6984375 0.049375 0.113828125