0 0.29171875 0.295078125 0.0494140625 0.079140625
0 0.2393359375 0.430859375 0.0365625 0.097890625
1 0.436484375 0.50640625 0.035625 0.11578125
1 0.6393359375 0.5121484375 0.0599609375 0.141015625
0 0.7337890625 0.5041015625 0.0328125 0.1019921875
1 0.7848046875 0.479765625 0.0337109375 0.1176171875
4 0.833046875 0.4358984375 0.0475 0.1171875
1 0.4344140625 0.283125 0.03609375 0.1287890625
3 0.5069921875 0.3008203125 0.015859375 0.1227734375
1 0.5587109375 0.3221875 0.0411328125 0.1425390625
1 0.611796875 0.3237890625 0.023203125 0.1503515625
1 0.64921875 0.298046875 0.029140625 0.1540234375
1 0.7057421875 0.3237890625 0.0226953125 0.0951953125
0 0.754453125 0.3134765625 0.00984375 0.079140625
0 0.797421875 0.3042578125 0.0268359375 0.079140625
0 0.8440625 0.307734375 0.0328125 0.0538671875
1 0.40015625 0.479765625 0.02734375 0.0992578125