1 0.271484375 0.5323828125 0.0457421875 0.1630859375
1 0.40015625 0.6178125 0.0420703125 0.15015625
4 0.493671875 0.62609375 0.03515625 0.1115625
1 0.5743359375 0.6237890625 0.0355859375 0.0977734375
1 0.653125 0.61734375 0.0323828125 0.1400390625
5 0.590390625 0.4232421875 0.0585546875 0.2343359375
5 0.4019921875 0.4041796875 0.0494140625 0.2283984375
3 0.3255078125 0.43703125 0.0296484375 0.13328125
3 0.7255078125 0.4200390625 0.0162890625 0.1268359375
3 0.7691796875 0.430390625 0.020859375 0.1429296875
5 0.6639453125 0.4053515625 0.0401953125 0.13421875
4 0.7590625 0.5856640625 0.05578125 0.10421875