0 0.3452734375 0.4161328125 0.0232421875 0.1052734375
1 0.6356640625 0.4205078125 0.03421875 0.11859375
1 0.5694921875 0.43015625 0.0452734375 0.1470703125
5 0.504921875 0.4579296875 0.0530859375 0.142890625
1 0.439921875 0.4466796875 0.0287109375 0.125
1 0.3992578125 0.42578125 0.04390625 0.1153515625
0 0.6558984375 0.55671875 0.05625 0.0739453125
1 0.516875 0.5893359375 0.0401953125 0.1299609375
1 0.4658984375 0.5939453125 0.0208984375 0.12078125
1 0.4284375 0.571875 0.0333203125 0.131796875
0 0.3797265625 0.56453125 0.0278125 0.117109375
4 0.3165234375 0.522265625 0.04390625 0.087734375