4 0.78984375 0.6403515625 0.0346484375 0.0941015625
4 0.1966015625 0.6701953125 0.0521875 0.1078515625
0 0.2696484375 0.5548828125 0.0237109375 0.0886328125
0 0.3280078125 0.564296875 0.0393359375 0.1028515625
1 0.403828125 0.5484375 0.0347265625 0.094140625
1 0.459453125 0.5459375 0.0264453125 0.102890625
1 0.6117578125 0.541328125 0.0415625 0.09
0 0.69953125 0.545703125 0.0241015625 0.0886328125
0 0.75421875 0.5190625 0.03234375 0.072109375
0 0.7825 0.4933203125 0.0383203125 0.0758203125
1 0.629921875 0.6865234375 0.0273046875 0.1083203125
1 0.576171875 0.7083203125 0.0208984375 0.119765625
1 0.5474609375 0.6780078125 0.023203125 0.09953125
1 0.4759765625 0.691328125 0.0484765625 0.11703125
1 0.45140625 0.6959375 0.0608984375 0.1041796875
5 0.3758203125 0.6963671875 0.04296875 0.1142578125