0 0.233828125 0.4028125 0.025546875 0.0878125
0 0.279296875 0.418203125 0.033828125 0.08640625
5 0.494609375 0.432890625 0.055390625 0.1158203125
3 0.5704296875 0.4430078125 0.013984375 0.0808984375
3 0.630625 0.4351953125 0.03328125 0.1663671875
4 0.8240625 0.45703125 0.0617578125 0.1226953125
1 0.7634375 0.4556640625 0.03234375 0.1107421875
4 0.2237109375 0.57578125 0.042109375 0.1533984375
1 0.4766796875 0.606328125 0.0287109375 0.1180078125
3 0.556171875 0.587265625 0.0130859375 0.1487890625
5 0.6170703125 0.5976171875 0.0199609375 0.146484375