0 0.29265625 0.605859375 0.0365625 0.0821875
0 0.2549609375 0.584296875 0.0310546875 0.07390625
4 0.245078125 0.6933984375 0.0434765625 0.09453125
4 0.3137890625 0.7007421875 0.0383984375 0.0908203125
0 0.720234375 0.5847265625 0.037890625 0.12078125
1 0.6405078125 0.583125 0.0392578125 0.0945703125
1 0.56765625 0.5895703125 0.0415625 0.1221484375
1 0.498515625 0.6196484375 0.0328515625 0.07296875
1 0.5343359375 0.6091015625 0.02 0.0683984375
1 0.5690234375 0.7168359375 0.038828125 0.0954296875
1 0.4801171875 0.7193359375 0.0401953125 0.1234375
4 0.75078125 0.72625 0.0576171875 0.1096484375