1 0.2427734375 0.546171875 0.03703125 0.10609375
1 0.39328125 0.5433984375 0.05953125 0.148359375
1 0.45921875 0.5314453125 0.030546875 0.1428515625
1 0.52421875 0.5238671875 0.0365234375 0.1506640625
2 0.5628515625 0.55234375 0.0333203125 0.1341015625
0 0.6823046875 0.536953125 0.0401953125 0.1538671875
0 0.722734375 0.51375 0.01078125 0.1120703125
0 0.74390625 0.641953125 0.0346484375 0.06515625
4 0.6866796875 0.6823828125 0.053515625 0.090859375
1 0.3978515625 0.6926953125 0.031953125 0.1253125
1 0.4410546875 0.6621484375 0.0411328125 0.17171875
4 0.5359375 0.66515625 0.04984375 0.110625