1 0.2521875 0.52640625 0.025546875 0.1235546875
1 0.3084765625 0.549609375 0.0232421875 0.110234375
0 0.3941796875 0.572109375 0.024609375 0.109296875
3 0.4840234375 0.5739453125 0.0250390625 0.1497265625
0 0.5230859375 0.5516796875 0.0204296875 0.1281640625
1 0.5630859375 0.551875 0.0360546875 0.1423828125
1 0.617734375 0.5551171875 0.0259375 0.12125
1 0.707109375 0.5751171875 0.0162890625 0.07390625
0 0.7634375 0.59484375 0.03234375 0.0674609375
4 0.2244140625 0.65234375 0.048046875 0.0997265625
5 0.5626171875 0.701953125 0.0443359375 0.1254296875
5 0.377421875 0.6937109375 0.032421875 0.1456640625