1 0.2586328125 0.575546875 0.0383984375 0.102421875
1 0.3631640625 0.576484375 0.0315234375 0.1373046875
5 0.4341796875 0.568203125 0.040234375 0.124453125
3 0.4991796875 0.569375 0.0278125 0.1037890625
3 0.615234375 0.5103125 0.0346875 0.13734375
1 0.6754296875 0.5314453125 0.0355859375 0.1244921875
4 0.7342578125 0.4776953125 0.0429296875 0.1364453125
4 0.762265625 0.6120703125 0.053046875 0.069765625
1 0.7101171875 0.672734375 0.091171875 0.099140625
1 0.6351953125 0.7016796875 0.060859375 0.1110546875
1 0.54375 0.694296875 0.03421875 0.151484375
1 0.43625 0.722109375 0.03375 0.1841015625
4 0.2028125 0.6353125 0.0581640625 0.1225390625