0 0.2453125 0.4855078125 0.0209375 0.142890625
0 0.291484375 0.5080078125 0.0351953125 0.141953125
1 0.40546875 0.4774609375 0.0608984375 0.1405859375
3 0.4964453125 0.4721875 0.0223046875 0.1805859375
3 0.5194140625 0.468515625 0.031484375 0.136484375
5 0.6312890625 0.4508203125 0.0392578125 0.1240625
5 0.753984375 0.44140625 0.036484375 0.10984375
4 0.201640625 0.610234375 0.0347265625 0.139609375
1 0.446796875 0.6327734375 0.0438671875 0.1019140625
1 0.622578125 0.6743359375 0.031015625 0.1620703125
0 0.774453125 0.634140625 0.0544140625 0.1138671875
0 0.851171875 0.599453125 0.051640625 0.1133984375