0 0.253125 0.4551953125 0.0273828125 0.15578125
0 0.3346875 0.51859375 0.048046875 0.1355078125
0 0.8263671875 0.4823046875 0.0387890625 0.10890625
0 0.8661328125 0.45015625 0.04015625 0.0997265625
0 0.7634375 0.5133203125 0.03234375 0.08359375
4 0.800390625 0.6474609375 0.0649609375 0.09453125
1 0.310546875 0.701875 0.041171875 0.143671875
1 0.4952734375 0.689921875 0.04296875 0.19328125
1 0.57203125 0.7115234375 0.0401953125 0.1905078125
5 0.6322265625 0.502734375 0.04109375 0.1819140625
3 0.579375 0.5314453125 0.018125 0.1244921875
3 0.5389453125 0.5245703125 0.0291796875 0.1198828125
1 0.47046875 0.506640625 0.0484765625 0.1667578125
1 0.42359375 0.514921875 0.02828125 0.18328125
1 0.3758203125 0.5194921875 0.024609375 0.1741015625