0 0.2862109375 0.3467578125 0.0200390625 0.1227734375
0 0.3404296875 0.35203125 0.0365625 0.11953125
0 0.384765625 0.337578125 0.02875 0.104375
3 0.5003515625 0.3247265625 0.0255078125 0.09703125
3 0.5472265625 0.33 0.02734375 0.1305859375
5 0.619375 0.3125390625 0.0521484375 0.1508203125
5 0.681171875 0.3350390625 0.0241015625 0.113125
5 0.7255078125 0.344921875 0.0346484375 0.1191015625
5 0.7650390625 0.3251953125 0.04015625 0.070390625
4 0.755390625 0.4653125 0.0300390625 0.1024609375
4 0.3558203125 0.5089453125 0.0535546875 0.1254296875