1 0.3245703125 0.3366796875 0.0462109375 0.1025390625
0 0.3824609375 0.356640625 0.05171875 0.0919921875
5 0.4773828125 0.3557421875 0.0346875 0.126875
3 0.5426171875 0.388125 0.018125 0.1135546875
3 0.5690234375 0.3784765625 0.0204296875 0.1218359375
5 0.6627734375 0.3731640625 0.0424609375 0.161796875
0 0.7 0.394765625 0.03421875 0.122265625
0 0.7625 0.3959375 0.0305078125 0.1016015625
4 0.32390625 0.4508203125 0.040234375 0.0689453125
4 0.5646875 0.5463671875 0.0438671875 0.1313671875
1 0.7023046875 0.5358203125 0.040625 0.09734375
4 0.7987890625 0.5201953125 0.0571484375 0.1249609375