2 0.288046875 0.32515625 0.06046875 0.162265625
1 0.3790234375 0.363515625 0.05859375 0.1516796875
1 0.498984375 0.36515625 0.0135546875 0.1594921875
5 0.5577734375 0.3589453125 0.039296875 0.1792578125
0 0.677265625 0.371796875 0.020859375 0.131484375
0 0.7179296875 0.4193359375 0.0241015625 0.120859375
0 0.7794921875 0.39109375 0.036953125 0.114921875
0 0.8141796875 0.59828125 0.017734375 0.170859375
2 0.708046875 0.6269921875 0.036484375 0.15015625
4 0.190859375 0.5463671875 0.0453125 0.1497265625
5 0.4019921875 0.5925390625 0.031015625 0.18234375