4 0.2600249376558604 0.32590433482810166 0.025569409808811307 0.06585949177877429
4 0.2081296758104738 0.5030642750373693 0.038162926018287614 0.15541106128550075
1 0.3155943474646717 0.6318086696562033 0.032211138819617624 0.08572496263079223
4 0.8004156275976725 0.576083707025411 0.035220282626766415 0.13913303437967114
4 0.7484039900249377 0.3508669656203288 0.04995012468827931 0.14568011958146487
5 0.6562593516209476 0.46956651718983555 0.046167913549459684 0.12681614349775785
5 0.44478802992518707 0.46529147982062774 0.034089775561097255 0.16952167414050823
5 0.4045303408146301 0.4733931240657698 0.03670822942643391 0.16011958146487296
0 0.315120532003325 0.4384005979073244 0.021762261014131336 0.09011958146487295
0 0.27961762261014134 0.4198355754857997 0.024380714879467996 0.08286995515695067
3 0.528021612635079 0.5201494768310913 0.01768911055694098 0.1212406576980568
3 0.5057024106400665 0.5429895366218236 0.03004156275976725 0.1370254110612855
3 0.563050706566916 0.5457698056801196 0.023615960099750623 0.15538116591928253
2 0.6008063175394847 0.5282660687593423 0.01838736492103076 0.11183856502242151
5 0.451313383208645 0.6691629297458894 0.021022443890274314 0.10321375186846038
4 0.5157938487115544 0.6920029895366218 0.019351620947630925 0.10191330343796713
1 0.6744305901911887 0.6125859491778775 0.042128013300083124 0.0968460388639761