0 0.210859375 0.4092578125 0.0347265625 0.1190625
0 0.2579296875 0.425078125 0.032421875 0.1277734375
1 0.31421875 0.3780078125 0.0301171875 0.1484765625
1 0.3677734375 0.4439453125 0.0223046875 0.1194921875
1 0.428203125 0.432890625 0.0374609375 0.152578125
1 0.46265625 0.4200390625 0.0420703125 0.145234375
3 0.4930078125 0.42578125 0.0291796875 0.152109375
3 0.524453125 0.4322265625 0.0323828125 0.1649609375
1 0.5823828125 0.4175 0.01953125 0.1539453125
1 0.6476171875 0.3871875 0.0397265625 0.1484765625
0 0.700703125 0.406953125 0.04015625 0.14203125
0 0.7530859375 0.3733984375 0.0346484375 0.1208984375
1 0.18765625 0.591875 0.0480859375 0.139609375
2 0.3477734375 0.615078125 0.05125 0.1446484375
1 0.4229296875 0.6316015625 0.0590625 0.1409765625
1 0.5265234375 0.628828125 0.0503125 0.153828125
1 0.6124609375 0.6323046875 0.0475390625 0.1653125
1 0.6974609375 0.583359375 0.0429296875 0.1271875
4 0.7643359375 0.53421875 0.052578125 0.148359375