0 0.2409375 0.518828125 0.044375 0.094609375
0 0.2866796875 0.5287109375 0.0301171875 0.1005859375
0 0.335390625 0.549609375 0.035625 0.110234375
1 0.6119921875 0.5578515625 0.037421875 0.1267578125
0 0.6593359375 0.5519140625 0.05671875 0.08359375
0 0.6983984375 0.5390234375 0.044765625 0.079921875
4 0.7248046875 0.4476171875 0.0470703125 0.090078125
1 0.4263671875 0.5470703125 0.0521484375 0.13734375
1 0.4509375 0.7009765625 0.032421875 0.1418359375
1 0.2965625 0.671328125 0.03609375 0.1239453125
1 0.548828125 0.7076171875 0.03515625 0.1321875