1 0.2575 0.6545703125 0.02234375 0.076640625
1 0.6830078125 0.61484375 0.0277734375 0.130390625
0 0.75125 0.5973828125 0.0309765625 0.1138671875
0 0.7997265625 0.6042578125 0.0222265625 0.100078125
1 0.5108984375 0.53328125 0.0374609375 0.109765625
1 0.465859375 0.5505078125 0.039296875 0.1120703125
1 0.540546875 0.540859375 0.0369921875 0.101953125
5 0.362265625 0.5684375 0.06640625 0.1203125
1 0.746640625 0.7666796875 0.0585546875 0.09859375
5 0.5301953125 0.7324609375 0.05765625 0.126640625
1 0.4691015625 0.7315234375 0.054921875 0.1799609375