0 0.3006640625 0.41015625 0.0535546875 0.1392578125
1 0.388203125 0.45265625 0.040234375 0.1644921875
5 0.6131640625 0.3984375 0.053515625 0.184765625
5 0.68828125 0.4400390625 0.0245703125 0.1530078125
0 0.74 0.398203125 0.0314453125 0.13375
4 0.7530859375 0.5592578125 0.07140625 0.1387109375
5 0.591328125 0.5656640625 0.04203125 0.1515625
5 0.4553125 0.429453125 0.0530859375 0.1300390625
3 0.51046875 0.45265625 0.02734375 0.127734375
3 0.536640625 0.4361328125 0.03375 0.113046875
1 0.427734375 0.5817578125 0.0457421875 0.1194140625