4 0.2735600335852225 0.35929042904290426 0.028463476070528966 0.12828382838283828
4 0.27127623845507975 0.5032838283828382 0.031099916036943745 0.1003960396039604
4 0.314575986565911 0.6006105610561057 0.028933669185558356 0.10174917491749175
4 0.7459865659109992 0.508927392739274 0.05453400503778338 0.13054455445544555
0 0.6787069689336692 0.4556765676567657 0.027917716204869856 0.09004950495049505
0 0.7200839630562552 0.4017161716171617 0.021914357682619647 0.09998349834983498
0 0.7603862300587741 0.3779042904290429 0.02574307304785894 0.09481848184818482
1 0.3070193115029387 0.4038283828382838 0.021024349286314022 0.08066006600660067
5 0.46534005037783377 0.49244224422442245 0.030587741393786734 0.12584158415841584
5 0.5618891687657431 0.5053960396039604 0.03896725440806045 0.17533003300330033
5 0.5939126784214945 0.6706105610561056 0.02864819479429051 0.10500000000000001
5 0.4812846347607053 0.6847359735973597 0.04089840470193115 0.17097359735973597