0 0.2969921875 0.438203125 0.0278515625 0.112578125
0 0.3330859375 0.44828125 0.0218359375 0.1144140625
0 0.38546875 0.4515234375 0.016328125 0.1116796875
5 0.4525390625 0.4517578125 0.040234375 0.1258984375
5 0.5378125 0.4469140625 0.0130859375 0.13921875
5 0.560078125 0.4705859375 0.0162890625 0.0992578125
5 0.595703125 0.471953125 0.01859375 0.2030859375
5 0.622578125 0.4864453125 0.031015625 0.1263671875
5 0.662109375 0.4469140625 0.0365234375 0.194375
1 0.742265625 0.4811328125 0.0268359375 0.1295703125
0 0.2779296875 0.553515625 0.040234375 0.0766796875
0 0.3390625 0.573046875 0.0430078125 0.07625
5 0.44015625 0.6274609375 0.04296875 0.1786328125
5 0.513671875 0.6162109375 0.0245703125 0.160703125
5 0.57640625 0.6290625 0.03515625 0.131328125
1 0.6517578125 0.65734375 0.0387890625 0.137265625
1 0.6974609375 0.644453125 0.0429296875 0.14828125
0 0.769609375 0.6325390625 0.0309765625 0.1060546875