0 0.3011328125 0.3715625 0.0269140625 0.135625
0 0.3438671875 0.3658203125 0.0296484375 0.091953125
1 0.3709765625 0.315078125 0.0379296875 0.1053125
1 0.41671875 0.3865234375 0.0567578125 0.0909765625
1 0.563984375 0.411328125 0.037890625 0.11859375
1 0.6407421875 0.3787109375 0.0351171875 0.1360546875
1 0.69265625 0.4002734375 0.037890625 0.114921875
0 0.7411328125 0.3506640625 0.0475390625 0.1259765625
2 0.7606640625 0.5560546875 0.045234375 0.09734375
2 0.479453125 0.5796875 0.0526171875 0.11984375
0 0.53984375 0.59234375 0.031015625 0.11296875
1 0.3459375 0.55234375 0.02921875 0.1341015625