0 0.2544921875 0.407421875 0.0209375 0.115390625
0 0.31125 0.4437109375 0.02875 0.105234375
0 0.3477734375 0.43703125 0.032890625 0.078125
5 0.4075 0.4312890625 0.0604296875 0.144765625
1 0.4683984375 0.4354296875 0.0121875 0.0887109375
3 0.49484375 0.42921875 0.0328515625 0.145234375
3 0.5113671875 0.432421875 0.0475390625 0.1608203125
3 0.501953125 0.4338671875 0.014921875 0.029375
5 0.599140625 0.44140625 0.0484765625 0.1649609375
5 0.6896484375 0.455859375 0.036484375 0.125
1 0.415546875 0.598515625 0.0259765625 0.185078125
2 0.4720703125 0.5883984375 0.0379296875 0.1832421875
2 0.5113671875 0.636875 0.0291796875 0.1009765625
2 0.595 0.63 0.031015625 0.1698828125
1 0.677734375 0.651796875 0.0309765625 0.144609375