0 0.2090234375 0.3550390625 0.0310546875 0.1208984375
0 0.26140625 0.357578125 0.04390625 0.130546875
5 0.3668359375 0.3669921875 0.02046875 0.1631640625
5 0.438984375 0.368828125 0.026875 0.1668359375
3 0.4952734375 0.3743359375 0.0245703125 0.104375
3 0.529765625 0.364453125 0.0291796875 0.1167578125
1 0.5809765625 0.3559375 0.0443359375 0.1594921875
1 0.7144921875 0.5773828125 0.049375 0.124453125
5 0.3519140625 0.55328125 0.031953125 0.1359375
5 0.438984375 0.598046875 0.026875 0.1566015625
5 0.5885546875 0.5656640625 0.0365234375 0.1148046875
5 0.656796875 0.5695703125 0.0397265625 0.154765625