0 0.326640625 0.3348046875 0.0273828125 0.117265625
0 0.381328125 0.3665234375 0.035625 0.0979296875
0 0.456015625 0.348359375 0.0333203125 0.1305859375
0 0.5178125 0.372265625 0.023671875 0.123203125
3 0.54171875 0.3660546875 0.0162890625 0.1245703125
5 0.57984375 0.36859375 0.0282421875 0.1526171875
5 0.6409375 0.352265625 0.0309765625 0.1521484375
0 0.731015625 0.39109375 0.05671875 0.114921875
4 0.2965625 0.479765625 0.03609375 0.0992578125
1 0.6028125 0.568203125 0.037421875 0.124453125
1 0.6673828125 0.579921875 0.03328125 0.1524609375
5 0.738828125 0.569140625 0.052109375 0.1262890625