0 0.234296875 0.53375 0.0356640625 0.156640625
0 0.2816015625 0.526171875 0.02921875 0.1093359375
5 0.3785546875 0.5096484375 0.048515625 0.1166796875
3 0.4451953125 0.5103125 0.062265625 0.13734375
3 0.4876953125 0.5130859375 0.0323828125 0.1428515625
1 0.525390625 0.5215625 0.03421875 0.136875
1 0.58671875 0.5038671875 0.0512109375 0.142890625
0 0.6878125 0.5204296875 0.0328125 0.102421875
0 0.7078125 0.6591796875 0.040625 0.0858203125
0 0.6402734375 0.6814453125 0.0250390625 0.070625
1 0.5701953125 0.6941015625 0.0365234375 0.1188671875
1 0.41578125 0.6784765625 0.040234375 0.124375
1 0.2935546875 0.6846484375 0.0347265625 0.1230078125