0 0.2786328125 0.5091796875 0.0278515625 0.1212890625
4 0.2921875 0.6725 0.05953125 0.14
1 0.3484765625 0.6853515625 0.02046875 0.0922265625
0 0.420859375 0.525 0.0227734375 0.13
3 0.5189453125 0.51765625 0.0213671875 0.133671875
5 0.5729296875 0.5155859375 0.04203125 0.1525
1 0.64484375 0.5059375 0.03421875 0.142421875
0 0.715390625 0.4891796875 0.0328125 0.1134765625
0 0.754921875 0.4733203125 0.0383203125 0.104765625
0 0.7487109375 0.6274609375 0.0397265625 0.1051171875
1 0.68484375 0.648125 0.04984375 0.11890625
1 0.5692578125 0.6660546875 0.0346875 0.16390625