1 0.22962593516209476 0.509578125 0.04077306733167082 0.14325000000000002
0 0.3227182044887781 0.5553125 0.01796342477140482 0.141
0 0.68404821280133 0.5524218750000001 0.020989193682460515 0.13965624999999998
0 0.7240648379052369 0.549296875 0.022643391521197005 0.16018749999999998
1 0.5828761429758936 0.5412656250000001 0.046650041562759766 0.144125
3 0.4825436408977556 0.550859375 0.03835411471321696 0.149921875
4 0.2677389858686617 0.7055 0.04812967581047382 0.1333125
1 0.36546134663341645 0.551078125 0.03694929343308396 0.110203125
5 0.43041562759767243 0.529203125 0.026724854530340812 0.16465625
4 0.7140897755610972 0.709734375 0.05019118869492935 0.12840625
5 0.4771986699916875 0.714640625 0.05854530340814631 0.147140625