1 0.198671875 0.4122265625 0.033359375 0.1387890625
0 0.255859375 0.426015625 0.032890625 0.129609375
0 0.3008984375 0.4340625 0.0310546875 0.113515625
1 0.354453125 0.4305859375 0.0416015625 0.1571484375
1 0.419453125 0.4200390625 0.0291796875 0.1084765625
3 0.4808203125 0.3984375 0.046171875 0.11125
3 0.51296875 0.40578125 0.0369921875 0.144296875
5 0.57203125 0.4039453125 0.0401953125 0.1590234375
0 0.626015625 0.4358984375 0.0241015625 0.1171875
1 0.6940234375 0.4191015625 0.0314453125 0.1617578125
0 0.7484765625 0.4083203125 0.02546875 0.1172265625
4 0.76640625 0.3405859375 0.052109375 0.10578125
4 0.7870703125 0.514921875 0.029140625 0.1098046875
4 0.413046875 0.57921875 0.0347265625 0.128125
5 0.60234375 0.6081640625 0.02734375 0.1584375
4 0.1998046875 0.5473046875 0.0678125 0.11484375