0 0.1858203125 0.422109375 0.026015625 0.12640625
0 0.245546875 0.4356640625 0.0351953125 0.10296875
0 0.315625 0.446015625 0.0420703125 0.1190234375
5 0.3939453125 0.44046875 0.047109375 0.1263671875
3 0.52125 0.4808984375 0.03515625 0.1337109375
5 0.603046875 0.4696484375 0.0516796875 0.189296875
0 0.6983984375 0.4990625 0.044765625 0.1378125
0 0.7487109375 0.48046875 0.0397265625 0.105234375
0 0.7799609375 0.44875 0.0470703125 0.12453125
4 0.7746875 0.5976171875 0.068671875 0.128125
2 0.5621484375 0.6630859375 0.03421875 0.1625390625
2 0.4918359375 0.6440234375 0.031484375 0.138203125
2 0.253359375 0.6334375 0.06 0.12625
4 0.214765625 0.575546875 0.0747265625 0.102421875