0 0.198203125 0.398203125 0.041640625 0.13375
1 0.3569921875 0.437734375 0.032890625 0.1576171875
3 0.485625 0.491015625 0.04390625 0.1281640625
3 0.524921875 0.499765625 0.0241015625 0.1254296875
5 0.5759375 0.486640625 0.0250390625 0.158984375
1 0.648984375 0.4937890625 0.03328125 0.1410546875
1 0.7328515625 0.4701171875 0.0309765625 0.1258984375
0 0.781796875 0.4478515625 0.0691015625 0.1043359375
4 0.8077734375 0.591875 0.0612890625 0.1028515625
5 0.4190234375 0.6777734375 0.0374609375 0.136796875
5 0.516875 0.6745703125 0.0218359375 0.121171875
5 0.6016796875 0.699140625 0.058125 0.174921875
5 0.6751953125 0.687421875 0.0397265625 0.1469140625
4 0.2542578125 0.6290625 0.0434765625 0.1129296875