4 0.23840071877807725 0.49910369068541305 0.024860736747529203 0.09662565905096661
4 0.24637017070979333 0.6499824253075571 0.03407008086253369 0.0864323374340949
0 0.34474393530997305 0.5878383128295255 0.015184186882300088 0.09833040421792619
1 0.299937106918239 0.5660984182776801 0.02215633423180593 0.08560632688927944
1 0.2669182389937107 0.5551142355008788 0.014528301886792454 0.07244288224956064
1 0.38146451033243484 0.602548330404218 0.027978436657681943 0.09701230228471003
5 0.4244743935309973 0.6275922671353251 0.026406109613656786 0.06799648506151142
1 0.46501347708894875 0.583444639718805 0.015390835579514824 0.10711775043936732
3 0.4990476190476191 0.5985940246045695 0.013809523809523808 0.1154481546572935
2 0.5280143755615453 0.5707029876977153 0.02234501347708895 0.12557117750439367
2 0.5538454627133872 0.5660808435852372 0.011347708894878707 0.15588752196836556
2 0.5804582210242587 0.556414762741652 0.012677448337825695 0.11899824253075571
2 0.6284097035040431 0.5441300527240773 0.02097933513027853 0.12954305799648505
2 0.7098292902066486 0.5353427065026363 0.019838274932614555 0.09441124780316344
2 0.7494699011680144 0.49977152899824256 0.016019766397124886 0.10233743409490334
4 0.7583468104222821 0.618365553602812 0.018041329739442946 0.09347978910369067
4 0.7155615453728661 0.6534973637961335 0.024555256064690025 0.11103690685413005
1 0.3433962264150943 0.7321089630931459 0.021473495058400717 0.10131810193321616
1 0.3891015274034142 0.732548330404218 0.025283018867924528 0.12854130052724078