1 0.37902404526166905 0.37842748091603057 0.03628712871287129 0.14964885496183206
1 0.4201414427157002 0.3930381679389313 0.023550212164073547 0.096
1 0.45388260254596885 0.38148091603053436 0.01425035360678925 0.07725190839694657
1 0.5649080622347948 0.3679541984732824 0.028175388967468178 0.1636030534351145
5 0.613090523338048 0.3636030534351145 0.017461103253182463 0.10256488549618321
5 0.3787199434229137 0.5421679389312977 0.020728429985855727 0.10812213740458014
2 0.4515558698727016 0.5654961832061068 0.015664780763790662 0.11377099236641221
2 0.5830905233380481 0.5526412213740458 0.024130127298444128 0.11858015267175573
5 0.6153182461103253 0.5539389312977099 0.02594059405940594 0.1473587786259542
4 0.8105940594059406 0.4713129770992366 0.034596888260254595 0.13476335877862594
4 0.7605869872701556 0.516 0.03763790664780764 0.15
1 0.4831753889674682 0.547618320610687 0.02031117397454031 0.10418320610687022