0 0.236857855361596 0.641070460704607 0.038137988362427266 0.16562330623306235
1 0.30931005818786367 0.5252574525745257 0.048387364921030754 0.11918699186991868
1 0.34934330839567745 0.5022357723577235 0.03036575228595179 0.1363550135501355
3 0.48954280964256025 0.525271002710027 0.02258520365752286 0.10112466124661246
3 0.5212635078969244 0.5085636856368564 0.027838736492103076 0.11287262872628726
5 0.5697506234413965 0.4902710027100271 0.03060681629260183 0.13501355013550134
5 0.6674147963424771 0.5132926829268293 0.023657522859517874 0.15395663956639566
0 0.6838985868661679 0.5135365853658537 0.026151288445552784 0.09571815718157181
0 0.7710390689941812 0.5058536585365854 0.02031587697423109 0.08940379403794038
2 0.6513466334164589 0.6539566395663957 0.0358520365752286 0.09653116531165311
2 0.5949625935162095 0.6467344173441735 0.031155444721529507 0.1001490514905149
5 0.554231088944306 0.6379268292682927 0.02173732335827099 0.11414634146341462
5 0.44964256026600163 0.632289972899729 0.05361596009975062 0.07126016260162601
5 0.44326683291770574 0.4920867208672087 0.02425602660016625 0.10250677506775069
0 0.7286450540315876 0.6607317073170732 0.02974231088944306 0.10104336043360433
0 0.7801745635910224 0.6492140921409214 0.021978387364921033 0.07350948509485095