0 0.21975 0.6119128787878787 0.03272916666666667 0.1480871212121212
5 0.4185625 0.5596212121212122 0.047531250000000004 0.1618371212121212
1 0.53065625 0.5925189393939394 0.03996875 0.1566098484848485
5 0.6007083333333333 0.5615151515151515 0.029020833333333333 0.165625
0 0.6715312499999999 0.608844696969697 0.014427083333333333 0.10880681818181819
0 0.7155416666666666 0.6221022727272728 0.0243125 0.09742424242424241
0 0.7658020833333333 0.5951325757575758 0.025864583333333333 0.10975378787878788
4 0.7085104166666666 0.7515719696969697 0.052947916666666664 0.11484848484848485
4 0.6228437499999999 0.7577083333333333 0.03682291666666667 0.11768939393939394
0 0.5569583333333333 0.7532007575757576 0.035270833333333335 0.16077651515151514
4 0.2903125 0.7662310606060606 0.033239583333333336 0.11579545454545455
4 0.23641666666666666 0.747064393939394 0.045218749999999995 0.0821969696969697