1 0.2296875 0.517890625 0.026484375 0.111171875
1 0.2737890625 0.5415625 0.0227734375 0.126328125
0 0.3794921875 0.556484375 0.0687109375 0.133203125
3 0.4621875 0.540390625 0.031953125 0.12859375
3 0.4888671875 0.5259375 0.0301171875 0.1501953125
2 0.525859375 0.515390625 0.0443359375 0.1015234375
0 0.720234375 0.5167578125 0.037890625 0.095078125
0 0.76640625 0.499296875 0.03375 0.0785546875
4 0.78203125 0.6242578125 0.0466015625 0.0894921875
4 0.218671875 0.65984375 0.041171875 0.091796875
2 0.478515625 0.6940625 0.022734375 0.155625
2 0.6156640625 0.692265625 0.02640625 0.096796875