0 0.2588671875 0.375703125 0.0158984375 0.0979296875
0 0.2990625 0.38421875 0.0273828125 0.091953125
0 0.3335546875 0.36421875 0.031953125 0.139296875
1 0.407734375 0.3658203125 0.0379296875 0.1838671875
0 0.4978125 0.3885546875 0.03421875 0.14203125
5 0.58328125 0.361015625 0.0397265625 0.1787890625
1 0.637265625 0.383515625 0.013125 0.1594921875
0 0.6775 0.403046875 0.0351171875 0.1020703125
4 0.74390625 0.3738671875 0.053046875 0.131015625
5 0.5490625 0.61875 0.031015625 0.1336328125
5 0.5030859375 0.602421875 0.031015625 0.1331640625
1 0.777890625 0.58453125 0.0475 0.124921875