5 0.385703125 0.5424609375 0.0305859375 0.1465234375
5 0.4569140625 0.553515625 0.016796875 0.1501953125
3 0.50953125 0.56015625 0.0255078125 0.1221484375
1 0.5499609375 0.564765625 0.0328515625 0.1313671875
1 0.6340625 0.50296875 0.02640625 0.1410546875
1 0.708515625 0.51765625 0.0466015625 0.0785546875
1 0.7091796875 0.702578125 0.0893359375 0.0761328125
4 0.77859375 0.6042578125 0.071875 0.100078125
1 0.637734375 0.6775390625 0.03375 0.08578125
1 0.504921875 0.710625 0.0530859375 0.0784375
1 0.4251953125 0.710625 0.03609375 0.151953125
4 0.3238671875 0.730625 0.0586328125 0.104609375