5 0.4562109375 0.3109375 0.047578125 0.1430078125
5 0.6090234375 0.2847265625 0.0360546875 0.19171875
5 0.6471484375 0.2969140625 0.01125 0.156328125
0 0.7928125 0.28453125 0.0191015625 0.140703125
4 0.847265625 0.3159765625 0.0300390625 0.1071484375
4 0.81328125 0.4558984375 0.0539453125 0.1066015625
4 0.77421875 0.4898828125 0.021796875 0.10109375
4 0.7328515625 0.486640625 0.0309765625 0.1222265625
1 0.6092578125 0.532578125 0.0319140625 0.1589453125
1 0.446796875 0.5146875 0.05171875 0.1690625
1 0.2696484375 0.4398046875 0.06046875 0.120390625