0 0.257734375 0.5819921875 0.018203125 0.1336328125
0 0.2965625 0.5778515625 0.017734375 0.116171875
0 0.334921875 0.5787890625 0.025546875 0.1180078125
5 0.3992578125 0.5927734375 0.0255078125 0.1414453125
5 0.4801171875 0.563828125 0.05859375 0.12953125
1 0.5545703125 0.54015625 0.0199609375 0.1731640625
5 0.6280859375 0.5351171875 0.04203125 0.1318359375
1 0.6758984375 0.5495703125 0.0278125 0.18375
0 0.7096484375 0.5160546875 0.0259375 0.1626171875
0 0.751015625 0.513984375 0.01671875 0.1630859375
4 0.8001953125 0.61875 0.03234375 0.115234375
4 0.7335546875 0.634375 0.0553515625 0.091328125
1 0.3555859375 0.7193359375 0.0576953125 0.1418359375