0 0.2227734375 0.32703125 0.0586328125 0.0924609375
0 0.2703515625 0.35390625 0.0296875 0.10484375
5 0.3815625 0.3646875 0.0498828125 0.11265625
3 0.46703125 0.3819140625 0.0369921875 0.114921875
3 0.4966796875 0.3780078125 0.0181640625 0.130078125
3 0.504921875 0.364453125 0.0346875 0.13515625
1 0.5736328125 0.3672265625 0.06640625 0.1223046875
5 0.6391015625 0.33390625 0.045703125 0.1154296875
2 0.7252734375 0.5773828125 0.0571875 0.124453125
2 0.6588671875 0.556015625 0.0392578125 0.1230859375
2 0.622109375 0.5888671875 0.0208984375 0.1382421875
2 0.5458203125 0.6201171875 0.03375 0.0904296875
2 0.397421875 0.6051953125 0.0218359375 0.138671875