0 0.233359375 0.4625390625 0.033828125 0.1153515625
1 0.32984375 0.464609375 0.0466796875 0.1185546875
1 0.3875390625 0.4744921875 0.0342578125 0.1024609375
2 0.4537109375 0.475390625 0.0379296875 0.104296875
2 0.50609375 0.486875 0.0323828125 0.1364453125
3 0.5472265625 0.5048046875 0.02734375 0.10796875
1 0.6214453125 0.482734375 0.03328125 0.118984375
0 0.7 0.491953125 0.03421875 0.118984375
0 0.743203125 0.476796875 0.028671875 0.11625
4 0.802265625 0.419140625 0.031875 0.125
4 0.80546875 0.6398828125 0.0475 0.083984375
5 0.455546875 0.664453125 0.0416015625 0.137734375
5 0.529765625 0.6770703125 0.0291796875 0.1308203125
1 0.66484375 0.65734375 0.04203125 0.137265625
0 0.2510546875 0.6508984375 0.0278515625 0.106015625
0 0.2981640625 0.6596484375 0.025546875 0.0958984375
2 0.35765625 0.6704296875 0.0388671875 0.14046875