1 0.3441015625 0.422109375 0.0365625 0.1006640625
1 0.423125 0.406953125 0.054921875 0.1052734375
5 0.49390625 0.4432421875 0.031015625 0.131875
5 0.61546875 0.4248828125 0.030546875 0.113515625
5 0.6749609375 0.42671875 0.02546875 0.1171875
1 0.8273046875 0.4391015625 0.0222265625 0.0960546875
4 0.805 0.586796875 0.05578125 0.101953125
4 0.3487109375 0.6311328125 0.0530859375 0.130859375
5 0.4679296875 0.6233203125 0.038828125 0.1244140625
5 0.6239453125 0.61734375 0.0429296875 0.1584375
1 0.6563671875 0.5998828125 0.029609375 0.1419140625