0 0.1074609375 0.6286328125 0.057734375 0.1212109375
0 0.1800390625 0.6178125 0.0375 0.131796875
5 0.2634765625 0.5778515625 0.0618359375 0.171328125
5 0.3992578125 0.5776171875 0.04390625 0.1203125
5 0.6051171875 0.5923046875 0.0328515625 0.1680859375
5 0.695859375 0.6311328125 0.0351171875 0.1124609375
0 0.766875 0.659609375 0.043828125 0.13265625
0 0.6788671875 0.8011328125 0.028671875 0.1215625
0 0.6012109375 0.794453125 0.0663671875 0.094453125
2 0.4608203125 0.7740234375 0.038359375 0.1133203125
2 0.425 0.771484375 0.0218359375 0.103671875
2 0.29265625 0.7747265625 0.088046875 0.1192578125
2 0.23359375 0.77703125 0.0296875 0.0962890625