4 0.20921875 0.31 0.0637109375 0.1044140625
4 0.7494140625 0.3196484375 0.0456640625 0.0961328125
4 0.78109375 0.549375 0.0263671875 0.114375
4 0.1922265625 0.5505078125 0.0388671875 0.1304296875
1 0.287109375 0.5978515625 0.0365625 0.135
5 0.4263671875 0.618046875 0.0264453125 0.1202734375
5 0.4373828125 0.467109375 0.0190625 0.1612890625
1 0.39625 0.453125 0.0425390625 0.1378515625
3 0.47390625 0.44140625 0.0416015625 0.128203125
3 0.5235546875 0.442109375 0.030546875 0.1341796875
5 0.576640625 0.4202734375 0.031015625 0.14109375
5 0.6749609375 0.446015625 0.02546875 0.1006640625
5 0.720234375 0.39890625 0.037890625 0.1213671875