0 0.2191015625 0.3745703125 0.04390625 0.11125
0 0.27171875 0.3628515625 0.0232421875 0.108984375
5 0.4022265625 0.2998828125 0.0452734375 0.17609375
3 0.51 0.29828125 0.035625 0.1498828125
1 0.5848828125 0.2812890625 0.0406640625 0.1434765625
0 0.6331640625 0.3559765625 0.0245703125 0.104375
0 0.720234375 0.349296875 0.037890625 0.1140234375
0 0.763203125 0.357578125 0.036484375 0.1121875
1 0.6296875 0.5424609375 0.04984375 0.1281640625
1 0.555703125 0.5424609375 0.0397265625 0.1465234375
1 0.458515625 0.59578125 0.0797265625 0.1612109375
1 0.7758203125 0.5206640625 0.0847265625 0.1350390625