0 0.2512890625 0.6203515625 0.0347265625 0.1781640625
0 0.4930078125 0.714296875 0.0291796875 0.159296875
1 0.4617578125 0.5463671875 0.0401953125 0.1313671875
1 0.537578125 0.5303125 0.035625 0.163515625
1 0.6271875 0.5661328125 0.0401953125 0.14328125
0 0.693125 0.5978515625 0.0112109375 0.0872265625
0 0.735625 0.6171484375 0.036484375 0.0890625
0 0.7845703125 0.61046875 0.0378515625 0.0803125
5 0.358828125 0.5631640625 0.0365625 0.10515625
1 0.7677734375 0.7593359375 0.082421875 0.1023046875
1 0.3597265625 0.775859375 0.02 0.1169921875