0 0.284375 0.5130859375 0.0347265625 0.1244921875
0 0.3319140625 0.525 0.0351953125 0.148359375
2 0.39375 0.5415625 0.0255078125 0.096875
1 0.649921875 0.5199609375 0.0351171875 0.110703125
1 0.7590625 0.49171875 0.0190234375 0.104765625
1 0.7142578125 0.5128515625 0.0351171875 0.073515625
1 0.704375 0.668828125 0.029140625 0.0775390625
5 0.568828125 0.68375 0.04296875 0.13953125
5 0.56078125 0.5365234375 0.022265625 0.10703125
1 0.3459375 0.71015625 0.02921875 0.0866796875
4 0.2942578125 0.6582421875 0.040703125 0.083984375