0 0.093203125 0.4434765625 0.0384375 0.109375
0 0.1382421875 0.4712890625 0.0366015625 0.0868359375
0 0.2002734375 0.4823046875 0.041171875 0.0905078125
5 0.3415625 0.47953125 0.05265625 0.1401171875
5 0.4219921875 0.51078125 0.038828125 0.1291015625
5 0.5966015625 0.48390625 0.0571875 0.1534375
5 0.73953125 0.4583984375 0.0580859375 0.11625
1 0.831875 0.4200390625 0.03140625 0.1084765625
1 0.5281640625 0.6711328125 0.0323828125 0.095
1 0.3278125 0.6694921875 0.03609375 0.1496484375
4 0.0876953125 0.552578125 0.0641796875 0.07484375
1 0.6565625 0.667421875 0.0622265625 0.120703125
4 0.86015625 0.575546875 0.0925390625 0.139140625