0 0.26390625 0.5309765625 0.016796875 0.096015625
0 0.295859375 0.56453125 0.0301171875 0.0803515625
0 0.3633984375 0.5466015625 0.0273828125 0.1088671875
5 0.4148828125 0.54109375 0.0383984375 0.1345703125
5 0.5090625 0.5587890625 0.0337890625 0.12859375
3 0.54859375 0.5470703125 0.0208984375 0.1189453125
3 0.5467578125 0.54109375 0.0355859375 0.15296875
5 0.6214453125 0.5651953125 0.03328125 0.15984375
5 0.665546875 0.55578125 0.029609375 0.163984375
0 0.7572265625 0.5693359375 0.03375 0.1221484375
1 0.8029296875 0.58359375 0.0194921875 0.086328125
1 0.8500390625 0.55765625 0.035546875 0.07578125
1 0.782265625 0.6943359375 0.0424609375 0.0963671875
1 0.5164453125 0.7055859375 0.030078125 0.1142578125
1 0.4865625 0.7087890625 0.0346875 0.1115234375
1 0.3176953125 0.6899609375 0.0416015625 0.083046875
1 0.4107421875 0.7007421875 0.0209375 0.10921875