0 0.2305859375 0.5312109375 0.0283203125 0.091875
0 0.2783984375 0.538359375 0.0503515625 0.0923046875
5 0.3643359375 0.5211328125 0.047578125 0.1083984375
3 0.459921875 0.53421875 0.0181640625 0.13
3 0.493203125 0.518125 0.0250390625 0.1437890625
5 0.54859375 0.5055078125 0.05765625 0.180078125
0 0.6905859375 0.5018359375 0.0383203125 0.09921875
1 0.5731640625 0.6784765625 0.0415625 0.1096875
1 0.4346484375 0.6929296875 0.031953125 0.121171875
1 0.38453125 0.70375 0.032890625 0.1105859375
1 0.2864453125 0.6603125 0.056328125 0.1423046875