4 0.265078125 0.4834375 0.032890625 0.1249609375
4 0.240234375 0.6748046875 0.07515625 0.098671875
4 0.7792578125 0.7094921875 0.04109375 0.0991015625
1 0.561015625 0.5509765625 0.0365234375 0.1589453125
1 0.642109375 0.5229296875 0.0287109375 0.1855859375
0 0.693359375 0.5673046875 0.02546875 0.1042578125
0 0.7487109375 0.5702734375 0.021328125 0.0872265625
0 0.7836328125 0.4937890625 0.0544140625 0.104296875
2 0.62578125 0.7283203125 0.0282421875 0.1091796875
2 0.51390625 0.729921875 0.0204296875 0.0986328125
5 0.458984375 0.73015625 0.0346875 0.112890625