1 0.319765625 0.4322265625 0.041171875 0.128203125
1 0.385 0.44828125 0.024609375 0.1695703125
1 0.4261328125 0.44875 0.01953125 0.1429296875
3 0.505859375 0.4464453125 0.0181640625 0.129140625
3 0.529765625 0.4453125 0.0291796875 0.1314453125
1 0.470234375 0.436328125 0.0342578125 0.1640625
1 0.572265625 0.426015625 0.0397265625 0.13328125
0 0.695390625 0.4276171875 0.025 0.137421875
0 0.7376953125 0.4096875 0.01765625 0.129140625
5 0.615 0.5617578125 0.0204296875 0.1299609375
5 0.5692578125 0.5707421875 0.053046875 0.1157421875
3 0.517109375 0.59921875 0.0176953125 0.0991796875
1 0.4378515625 0.5962109375 0.0291796875 0.1712890625