1 0.3408984375 0.482734375 0.031953125 0.18515625
1 0.29609375 0.4811328125 0.026015625 0.111171875
0 0.236796875 0.464375 0.0342578125 0.1153125
1 0.5083984375 0.479765625 0.0278125 0.172734375
5 0.5458203125 0.486640625 0.03375 0.1405859375
1 0.5926953125 0.479296875 0.0355859375 0.181015625
1 0.685546875 0.525703125 0.0190234375 0.1359765625
1 0.7558203125 0.523203125 0.04015625 0.1079296875
0 0.8004296875 0.5287109375 0.028203125 0.1005859375
4 0.798125 0.679375 0.051171875 0.1262109375
1 0.5559375 0.6885546875 0.053984375 0.1262109375
1 0.4190234375 0.6667578125 0.0374609375 0.151484375