4 0.268984375 0.4967578125 0.03609375 0.1056640625
1 0.4475 0.579453125 0.039296875 0.11296875
1 0.361796875 0.564765625 0.0379296875 0.094609375
0 0.318828125 0.5544140625 0.0209375 0.078515625
5 0.560546875 0.5571875 0.02640625 0.1391796875
1 0.62625 0.583125 0.0199609375 0.1497265625
0 0.70875 0.5776171875 0.0241015625 0.1387109375
0 0.7369921875 0.552578125 0.030078125 0.0932421875
4 0.77765625 0.5121484375 0.03328125 0.104296875
4 0.7909765625 0.6855859375 0.036015625 0.0917578125
4 0.253828125 0.7117578125 0.05171875 0.0944921875
5 0.5515625 0.7232421875 0.022265625 0.1633984375
5 0.4759765625 0.691796875 0.0411328125 0.1418359375