0 0.30296875 0.445078125 0.0305859375 0.1171875
0 0.2696484375 0.399609375 0.0237109375 0.1089453125
2 0.3815625 0.417734375 0.031484375 0.1498046875
1 0.47484375 0.461171875 0.0250390625 0.1217578125
3 0.5113671875 0.4671484375 0.0291796875 0.142890625
1 0.5729296875 0.459765625 0.023671875 0.1465625
1 0.625546875 0.426015625 0.013984375 0.1847265625
0 0.697265625 0.423046875 0.0470703125 0.10984375
0 0.7255078125 0.4041796875 0.0346484375 0.099765625
4 0.7562890625 0.283359375 0.031875 0.10625
4 0.7769921875 0.548671875 0.0456640625 0.1083984375
1 0.3321484375 0.586796875 0.0383984375 0.1203125
4 0.221171875 0.5505078125 0.0324609375 0.1304296875
5 0.4456640625 0.6196484375 0.035625 0.153828125