5 0.3441015625 0.5429296875 0.04390625 0.1382421875
5 0.46265625 0.533046875 0.023671875 0.1506640625
3 0.4886328125 0.5654296875 0.015859375 0.1189453125
1 0.6012109375 0.5192578125 0.0480078125 0.123125
1 0.668515625 0.5130859375 0.0309765625 0.1244921875
1 0.723203125 0.5126171875 0.020859375 0.096015625
0 0.7613671875 0.507578125 0.0328125 0.07671875
1 0.7762890625 0.626328125 0.0396875 0.0706640625
1 0.21359375 0.672265625 0.0402734375 0.0890234375
1 0.54125 0.692265625 0.0245703125 0.096796875
1 0.4307421875 0.702109375 0.02875 0.1027734375