1 0.2933203125 0.4276171875 0.02046875 0.1190234375
1 0.3367578125 0.445546875 0.02921875 0.1273046875
1 0.3709765625 0.453359375 0.0379296875 0.096953125
3 0.447734375 0.4466796875 0.03515625 0.143359375
3 0.5021875 0.4508203125 0.0291796875 0.1240625
3 0.5543359375 0.4694140625 0.0277734375 0.119921875
0 0.6239453125 0.455859375 0.0245703125 0.143359375
0 0.676796875 0.460703125 0.029140625 0.09328125
0 0.71171875 0.4558984375 0.0438671875 0.0882421875
4 0.766875 0.5425 0.0622265625 0.0730078125
4 0.2940234375 0.59921875 0.04484375 0.0440234375
4 0.2669140625 0.515390625 0.0365625 0.1198828125
5 0.5352734375 0.607734375 0.0401953125 0.1115625
5 0.63890625 0.61390625 0.0314453125 0.1285546875
0 0.6921875 0.6198828125 0.0461328125 0.1129296875