1 0.252421875 0.4965234375 0.0581640625 0.0914453125
5 0.378125 0.5380859375 0.0567578125 0.1883203125
3 0.4644921875 0.5580859375 0.02734375 0.141015625
3 0.486328125 0.5587890625 0.038828125 0.1469921875
5 0.6228125 0.5171875 0.045234375 0.1787109375
1 0.711953125 0.529609375 0.0397265625 0.1208203125
4 0.77859375 0.637109375 0.0534765625 0.0968359375
4 0.2276171875 0.6403515625 0.0453125 0.075703125
5 0.4095703125 0.7244140625 0.0416015625 0.124375
1 0.4500390625 0.7161328125 0.030546875 0.1262109375
1 0.5490625 0.7005078125 0.031015625 0.1501171875
5 0.625546875 0.7092578125 0.0507421875 0.1216015625