4 0.23796875 0.3017578125 0.0430078125 0.10625
4 0.249453125 0.42625 0.056796875 0.107109375
4 0.8502734375 0.2861328125 0.03140625 0.13015625
5 0.829375 0.4434765625 0.058515625 0.109375
1 0.7723828125 0.480703125 0.036484375 0.0826953125
5 0.6205078125 0.2840625 0.0314453125 0.1857421875
0 0.726640625 0.2796875 0.03234375 0.1173046875
1 0.442890625 0.272109375 0.0484765625 0.161875
3 0.50125 0.3242578125 0.02734375 0.1420703125
1 0.5655859375 0.313671875 0.045703125 0.1301171875
5 0.415546875 0.5167578125 0.062734375 0.150234375
5 0.618671875 0.51078125 0.068203125 0.1401171875