0 0.0808203125 0.4405078125 0.0228125 0.1080078125
0 0.1382421875 0.4735546875 0.0549609375 0.100625
0 0.2034765625 0.48 0.0384375 0.07671875
1 0.2627734375 0.4767578125 0.055859375 0.1530078125
1 0.334921875 0.505703125 0.04390625 0.1465625
5 0.4180859375 0.501796875 0.035625 0.16171875
3 0.4966796875 0.4891796875 0.0365234375 0.150234375
5 0.64484375 0.46484375 0.03421875 0.1475
0 0.7379296875 0.438203125 0.0319140625 0.1309765625
4 0.85921875 0.591171875 0.090703125 0.170390625
1 0.61890625 0.6733984375 0.060390625 0.105078125
1 0.5421484375 0.683046875 0.0448046875 0.1151953125
1 0.3176953125 0.668359375 0.0416015625 0.1225390625
4 0.089296875 0.5728125 0.05359375 0.078515625