0 0.2383984375 0.5429296875 0.0347265625 0.1015234375
0 0.284609375 0.5204296875 0.048984375 0.1208203125
0 0.369140625 0.536953125 0.0342578125 0.09875
0 0.4539453125 0.5162890625 0.00296875 0.2136328125
3 0.49 0.53328125 0.0278125 0.1281640625
1 0.5223828125 0.5243359375 0.0328515625 0.1240234375
5 0.572734375 0.5201953125 0.0277734375 0.1065625
0 0.645078125 0.534921875 0.0484375 0.0624609375
0 0.699765625 0.5158203125 0.0199609375 0.0748828125
1 0.264609375 0.6736328125 0.041171875 0.1193359375
5 0.4180859375 0.6871875 0.035625 0.13265625
5 0.415546875 0.5018359375 0.044375 0.1249609375
1 0.525625 0.6809765625 0.0484765625 0.1340234375
2 0.59453125 0.6858203125 0.0208984375 0.10234375