0 0.2740234375 0.506875 0.0186328125 0.125859375
0 0.334921875 0.538359375 0.025546875 0.110703125
0 0.3900390625 0.52984375 0.0255078125 0.0615625
0 0.446796875 0.541328125 0.0333203125 0.148828125
0 0.5083984375 0.538125 0.046171875 0.133203125
5 0.5814453125 0.5190625 0.0360546875 0.127265625
1 0.6510546875 0.5119140625 0.0401953125 0.13046875
0 0.724140625 0.5130859375 0.0226953125 0.1244921875
0 0.77328125 0.4896484375 0.0199609375 0.0684765625
4 0.75953125 0.637109375 0.0475 0.0784765625
1 0.6979296875 0.6665234375 0.0346484375 0.0821484375
1 0.56078125 0.697734375 0.022265625 0.16296875
1 0.4725390625 0.702578125 0.0296484375 0.112890625
1 0.35328125 0.70625 0.025546875 0.0834765625
4 0.296328125 0.6828125 0.040234375 0.1193359375