0 0.295625 0.5631640625 0.0158984375 0.086796875
0 0.3369921875 0.602890625 0.025078125 0.1065234375
0 0.2521875 0.5546484375 0.025546875 0.074375
4 0.2565625 0.6626171875 0.0388671875 0.060546875
0 0.7096484375 0.5390234375 0.0259375 0.1350390625
0 0.7441015625 0.5314453125 0.04890625 0.087734375
5 0.6212109375 0.5259375 0.037421875 0.1318359375
1 0.478515625 0.55328125 0.0323828125 0.1359375
1 0.5587109375 0.54796875 0.0411328125 0.1391796875
2 0.5090625 0.7012109375 0.0337890625 0.1009375
2 0.444296875 0.711328125 0.023671875 0.121171875
1 0.33765625 0.7163671875 0.0494140625 0.1037109375