0 0.322265625 0.36515625 0.0508203125 0.0859765625
0 0.378125 0.357578125 0.02 0.0754296875
1 0.420625 0.28890625 0.0269140625 0.080546875
4 0.478046875 0.341015625 0.0223046875 0.1342578125
5 0.5630859375 0.3736328125 0.0360546875 0.1167578125
5 0.6051171875 0.372734375 0.014453125 0.1333203125
1 0.6747265625 0.3743359375 0.029609375 0.0859765625
5 0.74390625 0.3812109375 0.0346484375 0.12734375
1 0.669453125 0.5698046875 0.0438671875 0.0991796875
5 0.617734375 0.580390625 0.0259375 0.14421875
5 0.43328125 0.5321484375 0.0346875 0.1157421875
5 0.7684765625 0.5314453125 0.03328125 0.0693359375
4 0.3052734375 0.5048046875 0.044375 0.10796875