0 0.2740234375 0.35734375 0.0186328125 0.1346875
0 0.342734375 0.4391015625 0.01359375 0.1328125
1 0.4683984375 0.437734375 0.0489453125 0.120859375
1 0.56375 0.4549609375 0.02734375 0.1378515625
1 0.6271875 0.4471484375 0.021796875 0.1351171875
1 0.6798046875 0.4609375 0.030546875 0.1075390625
1 0.7052734375 0.41359375 0.0309765625 0.113984375
4 0.7546875 0.376171875 0.0424609375 0.108046875
4 0.3323828125 0.5930078125 0.0857421875 0.08953125
5 0.4451953125 0.5847265625 0.04390625 0.12078125
4 0.7450390625 0.64859375 0.0507421875 0.110625
4 0.5894921875 0.610234375 0.038359375 0.1212109375