1 0.2811328125 0.4427734375 0.055859375 0.121796875
4 0.26875 0.5514453125 0.040234375 0.0955078125
4 0.3181640625 0.6093359375 0.044375 0.0752734375
4 0.6823046875 0.671328125 0.0585546875 0.105546875
3 0.549296875 0.5287109375 0.0452734375 0.13734375
3 0.5134375 0.5229296875 0.0287109375 0.1672265625
1 0.428203125 0.50390625 0.0264453125 0.1244921875
1 0.4640234375 0.6706640625 0.035625 0.136328125
3 0.53984375 0.67296875 0.031015625 0.113359375
1 0.60671875 0.671796875 0.0406640625 0.1340234375
1 0.6565625 0.5441015625 0.02546875 0.117578125
0 0.60625 0.5473046875 0.030546875 0.0964453125