5 0.22234375 0.5158203125 0.041171875 0.104296875
0 0.6830078125 0.50640625 0.0277734375 0.134140625
0 0.7144921875 0.515390625 0.0309765625 0.1198828125
0 0.7746875 0.475390625 0.031875 0.1410546875
1 0.79328125 0.6327734375 0.0976171875 0.0818359375
4 0.2158984375 0.6655859375 0.079765625 0.076640625
1 0.4498046875 0.713828125 0.0346875 0.1491796875
3 0.4801171875 0.545234375 0.0401953125 0.133671875
3 0.497578125 0.5103125 0.038359375 0.1741015625
1 0.524453125 0.5225 0.0323828125 0.164453125
1 0.3413671875 0.5050390625 0.0420703125 0.136875