0 0.7091796875 0.4437109375 0.03421875 0.105234375
0 0.6625390625 0.514453125 0.0466015625 0.1548046875
0 0.630859375 0.5358203125 0.029140625 0.1194140625
1 0.5655859375 0.5280078125 0.045703125 0.1130078125
5 0.4925390625 0.546171875 0.0374609375 0.09875
5 0.4302734375 0.526875 0.0369921875 0.1153125
1 0.3785546875 0.498359375 0.048515625 0.1134765625
1 0.3358203125 0.4896484375 0.0457421875 0.1051953125
1 0.4305078125 0.668359375 0.05125 0.1225390625
1 0.5894921875 0.6812109375 0.0199609375 0.1298828125
4 0.2742578125 0.5544140625 0.0512890625 0.0969140625