4 0.3225711481844946 0.6884587155963302 0.03130520117762512 0.10535779816513761
4 0.7803336604514229 0.6350275229357798 0.024367026496565258 0.18655045871559633
1 0.7144651619234543 0.6717247706422018 0.05209028459273798 0.09480733944954128
5 0.628243375858685 0.5057064220183487 0.03420019627085378 0.14811009174311926
5 0.3966535819430814 0.5194678899082569 0.04209028459273798 0.15728440366972476
0 0.674602551521099 0.5222201834862386 0.023886162904808637 0.08941284403669725
0 0.724278704612365 0.5242935779816514 0.022659470068694797 0.10728440366972476
0 0.5065652600588814 0.6774495412844036 0.036182531894013735 0.13838532110091745
3 0.5402944062806673 0.5419449541284403 0.02759568204121688 0.13799999999999998
3 0.5166143277723257 0.5435412844036698 0.031766437684003924 0.10911926605504586
3 0.48252208047105005 0.5469908256880734 0.027360157016683023 0.12056880733944952
3 0.4533267909715407 0.5462935779816515 0.02294406280667321 0.09627522935779817