0 0.2310546875 0.4662109375 0.0200390625 0.1226953125
0 0.291953125 0.4634765625 0.0269140625 0.0987890625
0 0.350546875 0.494453125 0.02 0.1102734375
5 0.4022265625 0.465078125 0.0269140625 0.143359375
0 0.505859375 0.4928515625 0.0181640625 0.157578125
5 0.54421875 0.471015625 0.0443359375 0.14609375
1 0.6051171875 0.49859375 0.0328515625 0.164453125
0 0.6853125 0.5314453125 0.0231640625 0.10609375
0 0.7441015625 0.5362890625 0.04890625 0.111171875
1 0.805234375 0.51765625 0.03328125 0.133671875
1 0.7951171875 0.683984375 0.0498046875 0.11703125
1 0.4298046875 0.686484375 0.0452734375 0.1634375
2 0.5223828125 0.669296875 0.062265625 0.1537890625