0 0.209921875 0.3233203125 0.032890625 0.1034765625
0 0.2632421875 0.33828125 0.02921875 0.1103515625
4 0.389375 0.3196484375 0.0379296875 0.1880078125
3 0.501484375 0.3462890625 0.023203125 0.1677734375
1 0.5784765625 0.3313671875 0.053046875 0.1608984375
5 0.6391015625 0.315078125 0.045703125 0.16046875
5 0.7208984375 0.2888671875 0.02546875 0.1356640625
5 0.7599609375 0.30265625 0.020859375 0.1080859375
1 0.2080859375 0.53671875 0.0476171875 0.12125
5 0.4463671875 0.5934765625 0.023203125 0.147421875
1 0.7206640625 0.54984375 0.04796875 0.1428515625
2 0.662109375 0.559921875 0.0365234375 0.1079296875
5 0.606015625 0.571171875 0.053046875 0.14421875
3 0.5419140625 0.5783203125 0.030546875 0.1446484375