0 0.2347265625 0.4386328125 0.0273828125 0.1226953125
1 0.3078125 0.421171875 0.0356640625 0.1245703125
1 0.35859375 0.4200390625 0.0223046875 0.1819921875
2 0.393515625 0.4625390625 0.0186328125 0.096953125
2 0.4258984375 0.468515625 0.023671875 0.136484375
3 0.47 0.5034375 0.02 0.16953125
3 0.5108984375 0.471953125 0.0190625 0.166328125
2 0.58765625 0.449453125 0.0346875 0.167265625
5 0.6471484375 0.4383984375 0.029609375 0.2003515625
5 0.68828125 0.499296875 0.0245703125 0.1153125
5 0.7569921875 0.4940234375 0.0194921875 0.10015625
4 0.8036328125 0.4053515625 0.0328125 0.1158203125
5 0.4865625 0.6538671875 0.0346875 0.144140625
1 0.438984375 0.65734375 0.0342578125 0.1188671875
4 0.798125 0.6490625 0.0695703125 0.1207421875