0 0.3390625 0.506171875 0.024609375 0.1015234375
1 0.380859375 0.4896484375 0.0255078125 0.1787109375
1 0.4137109375 0.49078125 0.0223046875 0.1212890625
5 0.4966796875 0.5011328125 0.0365234375 0.1373828125
1 0.6446484375 0.4930859375 0.04203125 0.1718359375
0 0.72390625 0.4744921875 0.045234375 0.1024609375
4 0.7848046875 0.6318359375 0.052109375 0.100078125
4 0.23796875 0.648359375 0.0430078125 0.133125
5 0.458984375 0.665390625 0.0530859375 0.1028125
5 0.5343359375 0.70234375 0.02 0.190546875
1 0.2742578125 0.4579296875 0.032890625 0.1612890625