0 0.32 0.41890625 0.03703125 0.11078125
5 0.4029296875 0.429453125 0.032890625 0.14109375
3 0.4998828125 0.465078125 0.0337890625 0.125
1 0.583984375 0.4811328125 0.02734375 0.1846875
1 0.5582421875 0.4859765625 0.031015625 0.11625
5 0.61796875 0.49171875 0.021796875 0.1415234375
5 0.7062109375 0.4505859375 0.0328125 0.128203125
5 0.6823046875 0.4898828125 0.0401953125 0.0643359375
3 0.7337890625 0.437734375 0.014453125 0.1025
3 0.7797265625 0.4193359375 0.0328125 0.120859375
5 0.6290234375 0.605859375 0.02546875 0.1446484375
1 0.4107421875 0.6093359375 0.039296875 0.119375
1 0.56421875 0.6325 0.0521484375 0.161171875
4 0.482421875 0.61734375 0.035625 0.1216796875