0 0.3045703125 0.42140625 0.0200390625 0.10203125
0 0.3670703125 0.476328125 0.0347265625 0.0877734375
3 0.4475 0.4542578125 0.0208984375 0.0987890625
3 0.533203125 0.448984375 0.022265625 0.1571484375
5 0.5892578125 0.4586328125 0.0241015625 0.112109375
5 0.6795703125 0.4556640625 0.0346484375 0.129140625
0 0.7135546875 0.44484375 0.029140625 0.1029296875
1 0.295390625 0.5944140625 0.0383984375 0.0757421875
4 0.26 0.5004296875 0.0503515625 0.07625
2 0.5030859375 0.6155078125 0.031015625 0.1180078125
2 0.5490625 0.6247265625 0.031015625 0.099609375
2 0.633125 0.61046875 0.0429296875 0.0987109375
4 0.7691796875 0.518359375 0.0576171875 0.102890625