0 0.21140116763969974 0.3782266910420475 0.013703085904920767 0.11109689213893968
0 0.2552877397831526 0.42711151736745884 0.015988323603002504 0.09005484460694697
1 0.30626355296080066 0.39009140767824496 0.03245204336947456 0.13484460694698355
0 0.3554628857381151 0.4063071297989031 0.030775646371976648 0.13530164533820843
0 0.4048790658882402 0.3935283363802559 0.025346121768140117 0.14627056672760513
0 0.46106755629691415 0.4102010968921389 0.01470391993327773 0.12021937842778795
0 0.5560300250208506 0.40356489945155394 0.03991659716430358 0.20292504570383912
5 0.5465471226021684 0.39329067641681903 0.0522185154295246 0.18692870201096892
5 0.5564470391993327 0.3670201096892139 0.04909090909090909 0.20294332723948813
0 0.6359883236030025 0.3846069469835466 0.02677231025854879 0.14217550274223034
0 0.7031192660550458 0.3613162705667276 0.01090909090909091 0.1229981718464351
0 0.747114261884904 0.3448628884826325 0.027998331943286072 0.09010968921389396
4 0.7928773978315262 0.5152833638025595 0.02986655546288574 0.1292870201096892
4 0.16959132610508756 0.583583180987203 0.03226855713094245 0.14250457038391226
4 0.23662218515429523 0.5783363802559416 0.026622185154295246 0.09087751371115174
1 0.2874979149291076 0.5819926873857404 0.04496246872393661 0.11645338208409507
1 0.3537948290241868 0.6094149908592322 0.01909924937447873 0.11643510054844607
5 0.409883236030025 0.6139670932358318 0.027014178482068392 0.12557586837294332
5 0.4595996663886572 0.6242595978062158 0.04097581317764804 0.1050091407678245
5 0.5244453711426188 0.6021023765996344 0.04138448707256046 0.13837294332723948
1 0.5789658048373645 0.6203656307129799 0.0357464553794829 0.1383546617915905