4 0.2241796875 0.29234375 0.033828125 0.110390625
4 0.1887890625 0.541328125 0.0273828125 0.1120703125
4 0.750546875 0.306796875 0.0433984375 0.1071484375
4 0.78203125 0.5387890625 0.028203125 0.1208203125
4 0.6719921875 0.4591015625 0.0241015625 0.1038671875
0 0.7342578125 0.4173046875 0.0429296875 0.121328125
3 0.4762109375 0.46 0.0186328125 0.1240625
3 0.5047265625 0.4437109375 0.0204296875 0.1419921875
5 0.389609375 0.3894921875 0.0337890625 0.107109375
5 0.36109375 0.4395703125 0.031953125 0.1612890625
1 0.400859375 0.6049609375 0.0333203125 0.161171875
1 0.2921875 0.6005859375 0.0227734375 0.1478515625
0 0.5959375 0.4444140625 0.0328515625 0.0928515625