2 0.30390625 0.3178125 0.0508203125 0.147578125
1 0.3762890625 0.3525 0.0347265625 0.184765625
3 0.52953125 0.3628515625 0.0333203125 0.1641015625
5 0.556171875 0.3655859375 0.031484375 0.15125
5 0.6326953125 0.3733984375 0.0328515625 0.15765625
0 0.7190625 0.38671875 0.04015625 0.138359375
0 0.774453125 0.3780078125 0.036015625 0.130078125
4 0.810078125 0.5883984375 0.0383203125 0.128125
1 0.6912890625 0.622890625 0.0626953125 0.0959375
1 0.3992578125 0.5727734375 0.0255078125 0.170390625
4 0.2005078125 0.567734375 0.03703125 0.132734375