0 0.2439453125 0.6230859375 0.008984375 0.146953125
0 0.292421875 0.62703125 0.03703125 0.0950390625
5 0.381796875 0.5728125 0.0457421875 0.1336328125
1 0.4683984375 0.5619921875 0.06734375 0.125859375
1 0.54078125 0.515390625 0.0328515625 0.1198828125
1 0.633828125 0.55328125 0.030546875 0.1359375
0 0.6834765625 0.6044921875 0.0194921875 0.1143359375
0 0.7418359375 0.617578125 0.01671875 0.1175390625
0 0.785234375 0.6049609375 0.02546875 0.0876953125
1 0.7530859375 0.7547265625 0.049375 0.104140625
5 0.5552734375 0.68625 0.0480078125 0.1491796875
5 0.467265625 0.6926953125 0.0328515625 0.1620703125
5 0.365234375 0.7735546875 0.0310546875 0.1583203125