0 0.298828125 0.4009765625 0.0315234375 0.1025
0 0.3519140625 0.4427734375 0.031953125 0.1033984375
5 0.4029296875 0.4469140625 0.032890625 0.120859375
3 0.54515625 0.4653125 0.0278125 0.120859375
5 0.595 0.4496875 0.031015625 0.144765625
5 0.680234375 0.415 0.022265625 0.144296875
0 0.718828125 0.4271484375 0.0259375 0.1089453125
0 0.762265625 0.3929296875 0.0346484375 0.100234375
4 0.7953515625 0.4825390625 0.0640625 0.123125
1 0.31171875 0.568203125 0.0388671875 0.10609375
5 0.5894921875 0.6076953125 0.038359375 0.1299609375