5 0.4040625 0.4184375 0.0305859375 0.15578125
0 0.34984375 0.430390625 0.0508203125 0.0877734375
0 0.2549609375 0.407890625 0.0310546875 0.0887109375
5 0.610625 0.44390625 0.0548828125 0.15625
1 0.7452734375 0.4742578125 0.028203125 0.1249609375
1 0.6705859375 0.6398828125 0.030546875 0.10234375
5 0.4185546875 0.59140625 0.008984375 0.1294921875
5 0.4180859375 0.594140625 0.035625 0.1717578125
0 0.307578125 0.5544140625 0.039765625 0.0969140625
3 0.5274609375 0.429453125 0.0337890625 0.0859375
3 0.4966796875 0.4365625 0.0328515625 0.1121484375