0 0.32390625 0.3318359375 0.040234375 0.115859375
5 0.629453125 0.336875 0.0355859375 0.1719140625
3 0.5621484375 0.3428515625 0.03421875 0.11953125
3 0.5134375 0.336875 0.0287109375 0.1535546875
5 0.4261328125 0.353671875 0.0562890625 0.1457421875
0 0.74 0.3281640625 0.013046875 0.1269140625
5 0.4447265625 0.5231640625 0.0521484375 0.1446875
3 0.5301953125 0.5284765625 0.0208984375 0.123125
5 0.638203125 0.52640625 0.0622265625 0.1603125
0 0.73125 0.529609375 0.0415625 0.102421875
0 0.376953125 0.5436328125 0.0223046875 0.1074609375
0 0.3176953125 0.5165234375 0.0232421875 0.09921875
1 0.6715234375 0.341953125 0.0323828125 0.0993359375