5 0.21796875 0.4894140625 0.0351953125 0.0909765625
5 0.25359375 0.4889453125 0.0375 0.080859375
5 0.35765625 0.4439453125 0.0572265625 0.1194921875
3 0.4693359375 0.437734375 0.0140234375 0.120859375
1 0.521484375 0.4505859375 0.031015625 0.10984375
5 0.5980078125 0.4308203125 0.0323828125 0.1346484375
0 0.7880078125 0.4942578125 0.0309765625 0.1144140625
5 0.3792578125 0.6233203125 0.03609375 0.1244140625
2 0.563515625 0.61484375 0.0277734375 0.11203125
2 0.618203125 0.6081640625 0.0360546875 0.1033203125
4 0.3165234375 0.6394140625 0.0806640625 0.110625