1 0.432578125 0.54203125 0.05078125 0.13640625
1 0.5074609375 0.524765625 0.0443359375 0.14515625
1 0.5768359375 0.5394921875 0.026875 0.14515625
2 0.654296875 0.5592578125 0.02640625 0.12765625
0 0.699765625 0.5769140625 0.0199609375 0.15109375
0 0.7379296875 0.59484375 0.0319140625 0.10421875
0 0.7806640625 0.583828125 0.0346484375 0.100546875
4 0.773984375 0.7434765625 0.0626953125 0.111953125
5 0.463359375 0.726015625 0.0480078125 0.150546875
1 0.374453125 0.7425390625 0.0310546875 0.165234375
1 0.5777734375 0.741640625 0.0287109375 0.1633984375