0 0.234296875 0.5353515625 0.0356640625 0.0909375
0 0.31078125 0.529375 0.03703125 0.102890625
5 0.3707421875 0.5001953125 0.0420703125 0.135546875
5 0.53390625 0.5084765625 0.046640625 0.1153125
5 0.6271875 0.49421875 0.0401953125 0.1327734375
5 0.6853125 0.5167578125 0.0231640625 0.07671875
2 0.6046484375 0.675234375 0.0594921875 0.1087890625
2 0.541484375 0.695234375 0.038828125 0.0798046875
5 0.444296875 0.6887890625 0.023671875 0.1037109375
5 0.4222265625 0.486875 0.0346875 0.1180859375
1 0.2779296875 0.683046875 0.040234375 0.1151953125