5 0.443359375 0.36515625 0.0218359375 0.104375
1 0.485390625 0.367890625 0.01859375 0.1282421875
1 0.51296875 0.3924609375 0.01859375 0.1084765625
3 0.541015625 0.3926953125 0.0434375 0.0859765625
3 0.5821484375 0.3789453125 0.0236328125 0.1135546875
5 0.67703125 0.394765625 0.025 0.10390625
0 0.716328125 0.418203125 0.0162890625 0.1048046875
0 0.758828125 0.4158984375 0.0231640625 0.07265625
4 0.7912109375 0.5128515625 0.028203125 0.110234375
4 0.49875 0.536953125 0.0360546875 0.1355078125
2 0.572265625 0.5415625 0.0176953125 0.0895703125