4 0.2358984375 0.522734375 0.025078125 0.0978515625
4 0.3123828125 0.519296875 0.0264453125 0.0863671875
5 0.41671875 0.4884765625 0.023671875 0.1258984375
3 0.4891015625 0.503671875 0.0406640625 0.1580078125
1 0.59546875 0.4855078125 0.0190625 0.1098046875
0 0.693359375 0.5250390625 0.0438671875 0.0932421875
4 0.7052734375 0.641953125 0.049375 0.083515625
4 0.2630078125 0.6548046875 0.033359375 0.090859375
5 0.475078125 0.6809765625 0.0208984375 0.097265625
5 0.5646875 0.6885546875 0.0255078125 0.1078515625
5 0.4066015625 0.683984375 0.04390625 0.128046875