1 0.34640625 0.3465234375 0.039296875 0.09015625
0 0.4022265625 0.3658203125 0.0269140625 0.1103515625
5 0.473671875 0.36421875 0.02734375 0.139296875
3 0.5419140625 0.382578125 0.024609375 0.1208984375
3 0.5729296875 0.376171875 0.023671875 0.1448046875
5 0.6340625 0.3899609375 0.02640625 0.1355859375
5 0.692421875 0.4009765625 0.0236328125 0.1392578125
0 0.727109375 0.4212109375 0.0241015625 0.0878125
0 0.7613671875 0.40671875 0.0144140625 0.091015625
4 0.805 0.5241015625 0.0741796875 0.0546484375
5 0.4920703125 0.5436328125 0.02734375 0.125859375
1 0.6228125 0.5580859375 0.026875 0.1042578125
2 0.5692578125 0.540625 0.0162890625 0.10609375