2 0.4500390625 0.5084765625 0.030546875 0.1153125
3 0.4821875 0.5041015625 0.0213671875 0.1019921875
1 0.57109375 0.5204296875 0.0199609375 0.1208203125
1 0.6126953125 0.502265625 0.0250390625 0.1166796875
1 0.6476171875 0.533515625 0.021328125 0.1056640625
0 0.68875 0.511484375 0.0346484375 0.0615625
0 0.6951953125 0.6773046875 0.0475390625 0.0715625
5 0.40109375 0.6959375 0.047578125 0.1408984375
5 0.4502734375 0.6924609375 0.0448046875 0.1478125
1 0.2783984375 0.664921875 0.0503515625 0.129453125
2 0.2365625 0.5351171875 0.0126953125 0.095078125
2 0.29953125 0.518828125 0.0375 0.1130078125
5 0.3758203125 0.5284765625 0.04296875 0.123125