0 0.264375 0.5241015625 0.0269140625 0.1098046875
0 0.3128515625 0.553515625 0.0181640625 0.095078125
0 0.3551171875 0.5553515625 0.029609375 0.117109375
0 0.3971875 0.5551171875 0.0259765625 0.12125
0 0.4495703125 0.5698046875 0.02046875 0.11390625
3 0.5230859375 0.5433984375 0.038828125 0.148359375
4 0.6051171875 0.537421875 0.040703125 0.163984375
4 0.6680859375 0.55578125 0.0208984375 0.1455859375
4 0.7521484375 0.565234375 0.0512109375 0.1414453125
0 0.7921484375 0.5808203125 0.0300390625 0.117578125
4 0.8688671875 0.5399609375 0.0456640625 0.118515625
1 0.769609375 0.70234375 0.0493359375 0.11703125
1 0.6749609375 0.7276171875 0.02546875 0.1399609375
3 0.5513671875 0.699609375 0.02640625 0.1298828125
1 0.3234375 0.683984375 0.0301171875 0.0912890625
4 0.2712890625 0.64078125 0.0315234375 0.10421875