0 0.24619612068965518 0.4618390804597701 0.01566810344827586 0.1089655172413793
0 0.2911314655172414 0.4942298850574713 0.008545258620689654 0.114
0 0.3493103448275862 0.5071034482758621 0.012844827586206897 0.10294252873563219
5 0.39467672413793103 0.4671034482758621 0.032446120689655175 0.16089655172413792
1 0.4592133620689655 0.4797471264367816 0.017133620689655172 0.15397701149425289
5 0.5204202586206896 0.46135632183908043 0.018857758620689655 0.17239080459770115
5 0.5578124999999999 0.47744827586206895 0.021648706896551725 0.15491954022988505
5 0.6080172413793103 0.5185747126436782 0.028103448275862065 0.19027586206896552
1 0.6692241379310344 0.5098620689655172 0.021196120689655176 0.182
5 0.7206142241379311 0.5167586206896552 0.027004310344827583 0.13144827586206898
4 0.7962607758620689 0.6872873563218391 0.04466594827586207 0.13225287356321838
1 0.42386853448275863 0.7077241379310345 0.02404094827586207 0.18694252873563216
5 0.5408943965517241 0.7074942528735632 0.029622844827586207 0.15429885057471265
4 0.25988146551724134 0.667287356321839 0.0365625 0.14282758620689656