4 0.256796875 0.321484375 0.053125 0.1181640625
4 0.171328125 0.4967578125 0.0476171875 0.1056640625
4 0.8231640625 0.47953125 0.059921875 0.1033984375
4 0.738359375 0.3401171875 0.0419921875 0.1140234375
0 0.711015625 0.4166015625 0.037890625 0.1153515625
2 0.658203125 0.42921875 0.03328125 0.090078125
2 0.6009765625 0.4168359375 0.03375 0.14796875
1 0.53296875 0.444375 0.0448046875 0.14796875
1 0.4734765625 0.455390625 0.031484375 0.1883984375
1 0.4422265625 0.4383984375 0.024140625 0.16359375
4 0.3916796875 0.668359375 0.05171875 0.1776953125
1 0.5603125 0.6433203125 0.030546875 0.1505859375
2 0.6409375 0.63046875 0.0309765625 0.1248828125
2 0.673828125 0.63390625 0.0277734375 0.11796875