4 0.2549609375 0.2822265625 0.049453125 0.0901953125
4 0.7448046875 0.268671875 0.036484375 0.095234375
4 0.782265625 0.51765625 0.0608203125 0.1153125
4 0.2168359375 0.5241015625 0.055859375 0.1098046875
1 0.3211328125 0.5953125 0.0347265625 0.1326953125
2 0.6409375 0.4296875 0.0309765625 0.1001953125
0 0.6951953125 0.40578125 0.029140625 0.1259375
3 0.520546875 0.4375 0.0291796875 0.125
1 0.482890625 0.4662109375 0.0457421875 0.1226953125
1 0.4190234375 0.4271484375 0.0374609375 0.1456640625
2 0.3594921875 0.430625 0.024140625 0.10203125
1 0.31171875 0.4324609375 0.0388671875 0.08734375
1 0.28390625 0.3853515625 0.024609375 0.0896484375
3 0.495078125 0.609765625 0.0287109375 0.11109375
1 0.579375 0.5856640625 0.0365234375 0.10421875