5 0.3204296875 0.4200390625 0.02875 0.090078125
5 0.396015625 0.4375 0.02828125 0.125
3 0.4996484375 0.4662109375 0.01953125 0.1410546875
1 0.5582421875 0.4708203125 0.0126171875 0.150234375
1 0.5980078125 0.47609375 0.013984375 0.165390625
1 0.64484375 0.460703125 0.0158203125 0.1483984375
3 0.7225390625 0.437734375 0.0259375 0.0951171875
3 0.777890625 0.4395703125 0.0107421875 0.12453125
1 0.58328125 0.6127734375 0.0213671875 0.1125
4 0.533203125 0.62515625 0.0406640625 0.1280859375
1 0.404765625 0.6159765625 0.0181640625 0.1832421875
1 0.3815625 0.6166796875 0.013125 0.1708203125
1 0.3599609375 0.6024609375 0.0208984375 0.00453125
4 0.33125 0.5640625 0.0365625 0.125390625