0 0.2439453125 0.401875 0.0273828125 0.1594921875
0 0.295625 0.44140625 0.0342578125 0.10984375
0 0.357890625 0.43265625 0.0347265625 0.1383203125
1 0.3971875 0.4322265625 0.0296484375 0.1833203125
1 0.4553125 0.4747265625 0.02734375 0.135078125
3 0.486328125 0.484609375 0.038828125 0.12265625
1 0.520546875 0.4703515625 0.0291796875 0.1033984375
2 0.5892578125 0.444375 0.0425 0.1112109375
2 0.62234375 0.430390625 0.0351171875 0.106171875
0 0.6749609375 0.4296875 0.02546875 0.1001953125
0 0.7291796875 0.413828125 0.0419921875 0.091484375
4 0.770546875 0.5590234375 0.0512109375 0.10609375
4 0.1768359375 0.5580859375 0.0402734375 0.1042578125
1 0.291484375 0.6065625 0.0351953125 0.150625
1 0.411875 0.6387109375 0.0369921875 0.1781640625
1 0.664609375 0.5739453125 0.04984375 0.123984375