4 0.280234375 0.5057421875 0.0356640625 0.09140625
4 0.256328125 0.6828125 0.0430078125 0.1376953125
4 0.78640625 0.6897265625 0.0231640625 0.105546875
0 0.800859375 0.5052734375 0.0383203125 0.081328125
0 0.7478125 0.553515625 0.0194921875 0.095078125
0 0.6947265625 0.5826953125 0.0190234375 0.06609375
5 0.6184375 0.575546875 0.053984375 0.1134375
5 0.5497265625 0.5617578125 0.0369921875 0.1299609375
5 0.451875 0.5555859375 0.0526171875 0.1313671875
5 0.4691015625 0.713359375 0.0365234375 0.1390625
5 0.5430859375 0.7547265625 0.0282421875 0.1482421875
2 0.6251171875 0.7365625 0.022265625 0.10734375
2 0.60234375 0.749453125 0.02734375 0.096328125