0 0.2386328125 0.414765625 0.0305859375 0.1484375
2 0.37375 0.448046875 0.0434375 0.136953125
2 0.416953125 0.4395703125 0.01953125 0.106171875
5 0.47 0.4278515625 0.02 0.151640625
3 0.5086328125 0.4273828125 0.023671875 0.1231640625
3 0.540078125 0.4503515625 0.026875 0.13234375
5 0.58375 0.434296875 0.0314453125 0.16453125
5 0.6405078125 0.452890625 0.0208984375 0.1603515625
5 0.685078125 0.4505859375 0.0273046875 0.128203125
0 0.7301171875 0.4471484375 0.02546875 0.11671875
5 0.5655859375 0.644453125 0.045703125 0.1666796875
2 0.61890625 0.645859375 0.0236328125 0.1234765625
2 0.6632421875 0.6283984375 0.03421875 0.106953125
5 0.451640625 0.625390625 0.038359375 0.160703125
0 0.241640625 0.5387890625 0.0319921875 0.0840625
0 0.7907421875 0.5433984375 0.0548828125 0.07484375