0 0.248515625 0.4593359375 0.0365625 0.081328125
0 0.337890625 0.4974609375 0.0269140625 0.111640625
5 0.4654296875 0.5204296875 0.047578125 0.1208203125
5 0.6280859375 0.475859375 0.04203125 0.1879296875
0 0.7611328125 0.498359375 0.036953125 0.0951171875
0 0.8295703125 0.453359375 0.036015625 0.096953125
0 0.8778515625 0.4558984375 0.03140625 0.1066015625
4 0.7971875 0.6279296875 0.0309765625 0.096875
5 0.5352734375 0.70234375 0.0401953125 0.135390625
2 0.4656640625 0.7158984375 0.0250390625 0.1303515625
2 0.498046875 0.7280859375 0.0301171875 0.13171875
3 0.548828125 0.5052734375 0.0167578125 0.1180859375