0 0.2542578125 0.338046875 0.025078125 0.059375
0 0.2930859375 0.4009765625 0.024609375 0.084140625
0 0.3958203125 0.456796875 0.032421875 0.1084375
3 0.4709375 0.4737890625 0.0218359375 0.1332421875
3 0.4989453125 0.476328125 0.031953125 0.12453125
3 0.529765625 0.4744921875 0.0291796875 0.120859375
5 0.582578125 0.4857421875 0.03375 0.13875
5 0.6444140625 0.4476171875 0.0425 0.1268359375
4 0.6947265625 0.2771484375 0.05578125 0.126015625
1 0.69609375 0.57234375 0.053046875 0.0978125
1 0.653828125 0.6095703125 0.05671875 0.115234375
4 0.2990625 0.54546875 0.064140625 0.0927734375