0 0.2096875 0.5160546875 0.03703125 0.1075
0 0.2935546875 0.55625 0.053125 0.1005859375
2 0.40453125 0.538125 0.0223046875 0.11484375
3 0.477578125 0.5505078125 0.030546875 0.1671875
5 0.5582421875 0.54546875 0.031015625 0.147890625
2 0.5926953125 0.544765625 0.0172265625 0.178671875
2 0.6666796875 0.5438671875 0.0273046875 0.12171875
1 0.708984375 0.556015625 0.0199609375 0.1230859375
0 0.7491796875 0.5776171875 0.013046875 0.101953125
0 0.7868359375 0.5544140625 0.03328125 0.1152734375
5 0.4187890625 0.69546875 0.0416015625 0.112421875
5 0.579375 0.710625 0.018125 0.1151953125
4 0.805 0.67203125 0.0373828125 0.0931640625