0 0.2770096745822339 0.37857142857142856 0.016156552330694813 0.11268101761252446
0 0.3146350043975374 0.4098825831702544 0.026904133685136323 0.08831702544031311
0 0.367792436235708 0.42248532289628177 0.031583113456464376 0.10481409001956947
5 0.4116622691292876 0.4435812133072407 0.023562005277044853 0.12524461839530332
5 0.4480123131046614 0.46095890410958906 0.02590149516270888 0.16
3 0.49110817941952506 0.4781409001956947 0.016323658751099382 0.12913894324853228
3 0.5282409850483729 0.47921722113502935 0.012401055408970976 0.12696673189823873
5 0.5737730870712401 0.4413894324853229 0.02920844327176781 0.1295890410958904
5 0.6181354441512753 0.45986301369863014 0.028021108179419524 0.1447945205479452
0 0.693183817062445 0.46315068493150685 0.021759014951627086 0.08610567514677103
0 0.7394019349164468 0.4107632093933464 0.026244503078276166 0.09003913894324853
4 0.7819085312225154 0.5872602739726027 0.027211961301671066 0.1299412915851272
0 0.7398856640281443 0.610958904109589 0.04090589270008795 0.08600782778864971
4 0.2273702726473175 0.5492172211350294 0.03415127528583993 0.1190802348336595
4 0.28316622691292875 0.5553033268101761 0.022612137203166228 0.0964774951076321
4 0.33515391380826737 0.5753033268101762 0.040580474934036936 0.1190802348336595
2 0.4451802990325418 0.6352837573385518 0.014371152154793315 0.1520743639921722
5 0.3976868953386104 0.6209393346379648 0.0327528583992964 0.16686888454011742