0 0.350078125 0.529609375 0.0503515625 0.15390625
0 0.3135546875 0.538125 0.0425390625 0.133203125
0 0.4458984375 0.538125 0.031484375 0.133203125
1 0.5467578125 0.5194921875 0.0355859375 0.12265625
1 0.689453125 0.5121484375 0.040625 0.1777734375
1 0.73859375 0.513515625 0.0194921875 0.134609375
1 0.7806640625 0.5399609375 0.0346484375 0.1001171875
4 0.806171875 0.7344921875 0.0351171875 0.1445703125
4 0.2512890625 0.7618359375 0.06046875 0.1119140625
2 0.53984375 0.71015625 0.031015625 0.1234375
2 0.6375 0.73796875 0.037890625 0.1560546875
2 0.6788671875 0.718203125 0.028671875 0.088984375
0 0.7291796875 0.7212109375 0.0419921875 0.0903515625