0 0.2556640625 0.4666796875 0.03703125 0.1144140625
0 0.3519140625 0.502734375 0.0503515625 0.1084375
2 0.4139453125 0.51515625 0.054921875 0.1240234375
2 0.474375 0.5103125 0.0333203125 0.100625
3 0.54125 0.5174609375 0.0245703125 0.1010546875
3 0.5848828125 0.5162890625 0.0291796875 0.1401171875
5 0.621640625 0.503203125 0.0475390625 0.1369140625
3 0.6749609375 0.5094140625 0.02546875 0.09875
3 0.7218359375 0.4811328125 0.0273046875 0.1295703125
0 0.769609375 0.482734375 0.0309765625 0.118984375
0 0.8183203125 0.475625 0.0180859375 0.10015625
0 0.863828125 0.4625390625 0.0447265625 0.096953125
4 0.7971875 0.6308984375 0.0493359375 0.0982421875
2 0.695625 0.6941015625 0.0392578125 0.082109375
2 0.652890625 0.6943359375 0.0548828125 0.0963671875
2 0.61453125 0.7097265625 0.0470703125 0.0949609375
5 0.521484375 0.7096875 0.0494140625 0.1684765625
5 0.446796875 0.7239453125 0.05171875 0.169375
5 0.2512890625 0.66859375 0.0237109375 0.0816796875
5 0.295859375 0.68421875 0.0301171875 0.112890625