0 0.273359375 0.5008984375 0.0310546875 0.104765625
0 0.3323828125 0.579453125 0.0342578125 0.123984375
4 0.4105078125 0.556484375 0.0434375 0.1148046875
3 0.4916015625 0.5592578125 0.0172265625 0.1203125
5 0.5582421875 0.556484375 0.031015625 0.1515625
5 0.629921875 0.5617578125 0.0273046875 0.148359375
5 0.6986328125 0.56453125 0.022265625 0.1538671875
5 0.72828125 0.5622265625 0.04015625 0.140078125
4 0.778125 0.487109375 0.043359375 0.1139453125
4 0.781796875 0.698671875 0.0507421875 0.1096875
4 0.2453125 0.69203125 0.0393359375 0.1009375
5 0.4778125 0.7278515625 0.0448046875 0.135859375
2 0.5885546875 0.7427734375 0.018125 0.1243359375
2 0.626953125 0.7237109375 0.0259375 0.1441015625
0 0.6676171875 0.7326953125 0.0475390625 0.0673828125
0 0.735625 0.719140625 0.04015625 0.0834765625