4 0.2579296875 0.337578125 0.0508203125 0.1227734375
4 0.389375 0.6699609375 0.056328125 0.14875
1 0.4847265625 0.630234375 0.031015625 0.1290234375
1 0.568125 0.6345703125 0.0369921875 0.160703125
1 0.6547265625 0.6210546875 0.0585546875 0.1290234375
1 0.707109375 0.57234375 0.0346484375 0.10515625
4 0.83328125 0.48828125 0.043359375 0.1483984375
0 0.7098828125 0.3984375 0.021796875 0.11125
2 0.6565625 0.41015625 0.02546875 0.084140625
3 0.5230859375 0.4496875 0.0204296875 0.1263671875
3 0.48609375 0.4478125 0.04296875 0.159453125
2 0.4112109375 0.41890625 0.031015625 0.11078125