0 0.2430078125 0.3926953125 0.0439453125 0.122734375
2 0.3174609375 0.4126953125 0.0273828125 0.130546875
2 0.37671875 0.430625 0.0264453125 0.1204296875
5 0.450703125 0.444609375 0.0365234375 0.1070703125
3 0.4913671875 0.4248828125 0.0213671875 0.1319140625
3 0.537578125 0.4542578125 0.035625 0.1171875
5 0.5748046875 0.421171875 0.0236328125 0.1539453125
2 0.6085546875 0.4510546875 0.0259375 0.119921875
2 0.6669140625 0.437265625 0.0231640625 0.129140625
0 0.7016015625 0.457265625 0.0236328125 0.1001953125
0 0.7450390625 0.461640625 0.03234375 0.0767578125
5 0.5435546875 0.634375 0.0567578125 0.1280859375
2 0.443828125 0.6394140625 0.031953125 0.1290234375
2 0.381328125 0.610234375 0.017265625 0.1212109375
4 0.237734375 0.5358203125 0.0471484375 0.08265625