1 0.284609375 0.549140625 0.0305859375 0.1001171875
1 0.38546875 0.5551171875 0.0347265625 0.12125
3 0.4821875 0.522734375 0.039765625 0.1162109375
3 0.5235546875 0.5480078125 0.0121875 0.12078125
0 0.5959375 0.536953125 0.0328515625 0.1355078125
0 0.6715234375 0.5514453125 0.013984375 0.0955078125
0 0.7216015625 0.5321484375 0.0314453125 0.056953125
4 0.7291796875 0.6619140625 0.0419921875 0.091328125
2 0.5079296875 0.6915625 0.0176953125 0.10921875
2 0.452109375 0.6619140625 0.0301171875 0.091328125
1 0.6039453125 0.6899609375 0.038828125 0.090390625