1 0.2398046875 0.5461328125 0.0283203125 0.1355078125
1 0.2779296875 0.5617578125 0.040234375 0.1299609375
2 0.3452734375 0.56453125 0.0232421875 0.13546875
5 0.38453125 0.5438671875 0.032890625 0.1584765625
1 0.4332421875 0.5810546875 0.0383984375 0.1501953125
5 0.5083984375 0.5516796875 0.038828125 0.131796875
1 0.60671875 0.549140625 0.022265625 0.136875
0 0.641171875 0.4974609375 0.026875 0.09328125
5 0.5807421875 0.7126953125 0.030078125 0.1330859375
5 0.4183203125 0.71359375 0.0278125 0.134921875
5 0.3521484375 0.7122265625 0.0462109375 0.1413671875