0 0.2044140625 0.3816796875 0.021875 0.100703125
1 0.349375 0.42921875 0.040703125 0.1268359375
5 0.43484375 0.4776953125 0.0462109375 0.1364453125
3 0.485625 0.50734375 0.0328515625 0.09921875
0 0.5660546875 0.486640625 0.037421875 0.1405859375
2 0.6584375 0.47171875 0.029140625 0.1153125
2 0.61890625 0.4593359375 0.0236328125 0.0997265625
2 0.73125 0.47609375 0.0231640625 0.1102734375
2 0.7833984375 0.4241796875 0.04015625 0.1259375
4 0.816015625 0.58703125 0.05578125 0.1308984375
5 0.3826953125 0.671328125 0.047578125 0.1423046875
1 0.4681640625 0.679140625 0.0346875 0.09359375
2 0.52078125 0.6858203125 0.0250390625 0.1391015625
2 0.5892578125 0.694296875 0.0241015625 0.1147265625
2 0.64140625 0.684453125 0.04109375 0.1271484375