2 0.353515625 0.4434765625 0.02140625 0.109375
1 0.3939453125 0.4119921875 0.047109375 0.1245703125
3 0.471640625 0.4340625 0.0278125 0.0767578125
1 0.5759375 0.4464453125 0.0250390625 0.129140625
1 0.653359375 0.426484375 0.0282421875 0.10296875
5 0.73953125 0.5094140625 0.0397265625 0.1171484375
1 0.4534765625 0.576953125 0.0420703125 0.0959765625
1 0.34546875 0.5953125 0.055859375 0.077578125
3 0.48703125 0.5622265625 0.02640625 0.140078125
3 0.52171875 0.5698046875 0.026875 0.11390625
5 0.600078125 0.5700390625 0.0319140625 0.1465234375