4 0.209921875 0.2891015625 0.0512890625 0.094765625
4 0.1784375 0.560390625 0.0664453125 0.0996484375
4 0.74203125 0.284296875 0.0898046875 0.0933984375
4 0.77859375 0.5397265625 0.0351171875 0.1042578125
3 0.5042578125 0.461640625 0.047109375 0.113515625
2 0.3946484375 0.390625 0.0347265625 0.1966796875
2 0.3441015625 0.4154296875 0.04390625 0.1544140625
1 0.284375 0.4329296875 0.0347265625 0.097421875
1 0.280234375 0.613203125 0.017265625 0.1593359375
3 0.47828125 0.6166796875 0.0365234375 0.0973046875
5 0.409375 0.614609375 0.0530859375 0.145546875
5 0.4383203125 0.471484375 0.039296875 0.1378515625
5 0.68921875 0.4324609375 0.044765625 0.1241015625
2 0.6200390625 0.4278515625 0.0397265625 0.1148828125
2 0.567421875 0.4322265625 0.031015625 0.1466015625