5 0.2852734375 0.51125 0.0365625 0.1024609375
5 0.33421875 0.513515625 0.0379296875 0.134609375
0 0.4344140625 0.533046875 0.054453125 0.1506640625
3 0.505625 0.5006640625 0.0406640625 0.1640234375
5 0.56421875 0.506171875 0.0484765625 0.13828125
1 0.6428125 0.491953125 0.038359375 0.1594140625
1 0.7059765625 0.4990625 0.036953125 0.119453125
0 0.7758203125 0.471953125 0.04796875 0.1112109375
4 0.763203125 0.6153125 0.0548828125 0.085390625
4 0.3562890625 0.7087890625 0.0269140625 0.074765625
5 0.571796875 0.6775390625 0.0333203125 0.129921875
1 0.4458984375 0.706484375 0.031484375 0.1528515625