0 0.3401953125 0.518359375 0.040703125 0.1212890625
0 0.31609375 0.556484375 0.0521875 0.1148046875
1 0.2579296875 0.56453125 0.032421875 0.09875
3 0.5021875 0.5146875 0.0291796875 0.1690625
0 0.5777734375 0.5231640625 0.06546875 0.126328125
1 0.6910546875 0.522265625 0.0484375 0.16125
1 0.7406640625 0.525703125 0.037421875 0.09921875
1 0.7960546875 0.5321484375 0.03328125 0.0937109375
4 0.806171875 0.7161328125 0.0534765625 0.1262109375
4 0.257734375 0.7625390625 0.0549609375 0.09953125
5 0.537109375 0.726484375 0.0438671875 0.142265625
0 0.6809375 0.7198046875 0.0355859375 0.1372265625
0 0.7521484375 0.7290234375 0.0512109375 0.0783984375
1 0.4769140625 0.7269140625 0.04296875 0.1523828125
0 0.3443359375 0.74921875 0.0581640625 0.1555859375
0 0.427265625 0.725546875 0.035625 0.1404296875