0 0.253125 0.4565625 0.04578125 0.09421875
0 0.3523828125 0.5158203125 0.0420703125 0.13
2 0.39375 0.518828125 0.032890625 0.1130078125
2 0.423125 0.51515625 0.0365625 0.1056640625
2 0.4996484375 0.479765625 0.030546875 0.150703125
3 0.5499609375 0.507578125 0.014453125 0.1318359375
3 0.5887890625 0.5208984375 0.0323828125 0.149296875
5 0.6290234375 0.4848046875 0.02546875 0.173671875
0 0.6859765625 0.5250390625 0.029140625 0.111640625
0 0.7804296875 0.4901171875 0.020390625 0.1337109375
0 0.8266015625 0.4735546875 0.0346484375 0.1190234375
0 0.8532421875 0.4505859375 0.0328125 0.10984375
4 0.80203125 0.6281640625 0.036015625 0.11109375
5 0.52421875 0.7037109375 0.0365234375 0.14734375