1 0.22154585152838427 0.5961538461538461 0.01588646288209607 0.1392471358428805
1 0.2668296943231441 0.6352045826513912 0.029109170305676856 0.10977086743044188
2 0.3489170305676856 0.5786415711947627 0.028593886462882096 0.0995253682487725
2 0.4086812227074236 0.557823240589198 0.0208471615720524 0.11870703764320786
1 0.4696855895196506 0.5671685761047464 0.020593886462882096 0.156088379705401
1 0.5119737991266375 0.5741898527004909 0.01783406113537118 0.14206219312602292
3 0.5415458515283843 0.5730278232405892 0.02456768558951965 0.12571194762684124
5 0.5968122270742359 0.5847135842880523 0.027807860262008734 0.13972176759410804
5 0.6922445414847161 0.5805073649754501 0.016558951965065502 0.10325695581014731
0 0.7495109170305677 0.5826022913256956 0.03376419213973799 0.1027986906710311
0 0.7886812227074236 0.5760720130932897 0.027275109170305678 0.08970540098199672
4 0.7905502183406113 0.7062520458265139 0.043493449781659387 0.10224222585924714
4 0.22091703056768558 0.7586088379705401 0.037100436681222704 0.07603927986906711
5 0.44310917030567687 0.7357119476268412 0.039807860262008735 0.11438625204582652
5 0.5344279475982533 0.7396726677577742 0.022820960698689954 0.1550572831423895
5 0.6010480349344979 0.7469230769230769 0.033301310043668125 0.09942716857610474
0 0.7248122270742358 0.7646972176759411 0.029283842794759825 0.09752864157119477