4 0.24007481296758104 0.6392763157894737 0.03317539484621779 0.10748355263157894
4 0.2869742310889443 0.39991776315789473 0.02485453034081463 0.09401315789473684
4 0.7446051537822111 0.4680427631578947 0.03285120532003325 0.08927631578947369
4 0.6878470490440566 0.49363486842105264 0.02858686616791355 0.09819078947368422
1 0.5592518703241895 0.5359210526315789 0.016018287614297588 0.10754934210526317
1 0.4931088944305902 0.5316940789473684 0.02862011637572735 0.14608552631578947
5 0.5345552784704904 0.5262828947368421 0.023624272651704074 0.11179276315789473
4 0.793881961762261 0.6432565789473684 0.029276807980049873 0.11077302631578946
0 0.6896259351620948 0.6792105263157895 0.03452202826267664 0.04639802631578947
0 0.747930174563591 0.6451480263157895 0.030000000000000002 0.0581578947368421
0 0.5947547797173732 0.6965789473684211 0.02290108063175395 0.10934210526315791
1 0.5448877805486284 0.6895394736842105 0.020058187863674148 0.14222039473684212
1 0.48182876142975894 0.6857730263157894 0.032177888611803825 0.11592105263157895