0 0.3354054054054054 0.5491891891891892 0.022744282744282744 0.1225168918918919
1 0.3705925155925156 0.5120439189189189 0.03075883575883576 0.1543918918918919
4 0.2439293139293139 0.5055236486486486 0.04176715176715177 0.11722972972972974
2 0.4157276507276507 0.5315878378378378 0.025997920997921 0.1114358108108108
2 0.44171517671517674 0.5298986486486487 0.03341995841995842 0.1225337837837838
2 0.487006237006237 0.5590878378378379 0.014106029106029106 0.1374662162162162
2 0.5312577962577962 0.5296452702702703 0.013503118503118503 0.16547297297297298
5 0.5642203742203742 0.5359121621621622 0.025977130977130974 0.18765202702702705
2 0.6020893970893971 0.5294087837837839 0.021517671517671515 0.13121621621621624
2 0.6316320166320166 0.5465371621621622 0.012307692307692308 0.13168918918918918
2 0.6714241164241164 0.5643918918918919 0.020613305613305613 0.09983108108108109
2 0.7085550935550935 0.5361655405405406 0.01764033264033264 0.12542229729729729
0 0.7767047817047817 0.5238682432432432 0.026237006237006234 0.11530405405405406
4 0.7967463617463618 0.6924831081081081 0.03365904365904366 0.1291891891891892
0 0.7456756756756757 0.6936993243243244 0.03841995841995842 0.10746621621621621
2 0.5777338877338877 0.7303716216216216 0.02033264033264033 0.10358108108108108
2 0.3753430353430353 0.739054054054054 0.016507276507276507 0.10165540540540541
2 0.31506237006237003 0.7139695945945946 0.020665280665280665 0.07079391891891891
2 0.24274428274428275 0.6435304054054054 0.0037525987525987526 0.007145270270270271
4 0.19537422037422036 0.686706081081081 0.036725571725571726 0.09831081081081082