4 0.2869605568445476 0.40471698113207544 0.03750580046403712 0.12455188679245284
1 0.3265197215777262 0.5190801886792453 0.03076566125290023 0.10325471698113207
4 0.4144431554524362 0.38257075471698115 0.034930394431554525 0.10853773584905661
4 0.5418213457076566 0.3981367924528302 0.034443155452436196 0.11134433962264151
4 0.6662877030162413 0.3992924528301887 0.05831786542923434 0.14672169811320754
4 0.7201044083526682 0.6697405660377359 0.05459396751740139 0.16398584905660377
4 0.24868909512761023 0.7039150943396226 0.04910672853828306 0.1710377358490566
4 0.35285382830626455 0.8038915094339624 0.03935034802784223 0.10683962264150942
4 0.43555684454756377 0.838561320754717 0.03539443155452436 0.14313679245283017
4 0.5372969837587007 0.8498584905660377 0.03235498839907193 0.1657547169811321
4 0.6036426914153132 0.7605188679245283 0.035127610208816704 0.11443396226415095
5 0.48625290023201856 0.692617924528302 0.02679814385150812 0.12200471698113206
5 0.48497679814385153 0.5122405660377358 0.027494199535962875 0.09429245283018867