0 0.256780303030303 0.5060513643659711 0.021795454545454545 0.1398234349919743
0 0.29054545454545455 0.5386035313001606 0.02871212121212121 0.1223916532905297
5 0.3489848484848485 0.5175120385232745 0.04168939393939394 0.13523274478330657
5 0.40741666666666665 0.5143017656500803 0.028689393939393938 0.19300160513643658
3 0.45092424242424245 0.5310433386837881 0.024787878787878786 0.14852327447833066
3 0.4878257575757575 0.5060513643659711 0.018507575757575757 0.1581701444622793
1 0.5321893939393939 0.5051364365971107 0.024992424242424243 0.1563402889245586
5 0.5780757575757576 0.5147672552166934 0.030181818181818185 0.16642054574638845
5 0.6377045454545455 0.4734991974317817 0.03904545454545454 0.13892455858747993
0 0.6917045454545454 0.4657142857142857 0.019340909090909093 0.13252006420545748
4 0.7308787878787879 0.40426966292134836 0.015439393939393939 0.1380577849117175
2 0.7546818181818181 0.5784911717495986 0.028416666666666666 0.10126805778491173
1 0.6867272727272727 0.6250240770465489 0.03103030303030303 0.12553772070626001
1 0.6003712121212121 0.7093739967897271 0.0358030303030303 0.14749598715890852
5 0.5316515151515151 0.689438202247191 0.02607575757575758 0.12138041733547353
1 0.4040681818181818 0.68669341894061 0.03713636363636364 0.1525521669341894
1 0.35125757575757577 0.681653290529695 0.026757575757575758 0.13330658105939006
4 0.2770227272727273 0.6532263242375601 0.03845454545454545 0.11314606741573033
4 0.22659090909090912 0.6050722311396468 0.04581818181818181 0.172776886035313