1 0.2858286985539488 0.4305239179954442 0.037296996662958846 0.13120728929384967
1 0.3229810901001112 0.44533029612756264 0.035951056729699664 0.11981776765375854
5 0.3700333704115684 0.46079726651480635 0.03439377085650723 0.168997722095672
5 0.4542269187986652 0.4635307517084283 0.040378197997775304 0.19266514806378132
5 0.5760177975528366 0.4771981776765376 0.04592880978865406 0.14712984054669703
1 0.638642936596218 0.44578587699316624 0.031012235817575083 0.12984054669703873
5 0.4416573971078977 0.6552847380410023 0.03527252502780868 0.14792710706150342
1 0.6185094549499444 0.5953986332574032 0.04636262513904338 0.16936218678815487
1 0.34222469410456063 0.6026879271070614 0.027719688542825364 0.11107061503416855
1 0.2553615127919911 0.5355125284738042 0.05197997775305895 0.11792710706150343
1 0.7004783092324806 0.5111389521640091 0.03901001112347052 0.1557630979498861