1 0.27763440860215055 0.543109756097561 0.030168970814132105 0.12844512195121952
4 0.19634408602150535 0.5960975609756098 0.03774193548387097 0.11246951219512195
1 0.3232411674347158 0.6760670731707317 0.025898617511520738 0.14006097560975608
5 0.5997235023041475 0.5553048780487805 0.036251920122887867 0.15283536585365853
1 0.8275115207373273 0.5799390243902439 0.047557603686635946 0.14109756097560977
1 0.8187711213517664 0.4209756097560976 0.02534562211981567 0.1139939024390244
5 0.7438709677419355 0.5004268292682926 0.031505376344086025 0.1838109756097561
5 0.6009062980030722 0.6765243902439024 0.04334869431643625 0.14664634146341463
3 0.49066052227342555 0.5665548780487806 0.023748079877112138 0.1378048780487805
3 0.5459600614439324 0.5440548780487805 0.020906298003072196 0.13033536585365854
3 0.44494623655913984 0.5602134146341463 0.02447004608294931 0.15798780487804878
3 0.4141013824884792 0.5424085365853658 0.021874039938556068 0.14109756097560977