0 0.778828125 0.495859375 0.0493359375 0.1405859375
0 0.23015625 0.48390625 0.0549609375 0.1534375
0 0.35859375 0.50984375 0.0590625 0.1823828125
5 0.4571484375 0.5226953125 0.0494140625 0.1787109375
5 0.556171875 0.51765625 0.038828125 0.155703125
2 0.611796875 0.509609375 0.023203125 0.149765625
2 0.6669140625 0.5270703125 0.0231640625 0.12953125
4 0.800859375 0.6701953125 0.0273046875 0.0894921875
5 0.443125 0.691328125 0.0443359375 0.13171875
1 0.5543359375 0.7234765625 0.046171875 0.1408984375
1 0.6944921875 0.728984375 0.0231640625 0.11515625