0 0.2253125 0.3980078125 0.013125 0.137890625
0 0.2825390625 0.409921875 0.049453125 0.106640625
5 0.489296875 0.403515625 0.05859375 0.1673046875
5 0.6228125 0.3995703125 0.045234375 0.2008203125
2 0.6912890625 0.445546875 0.0259375 0.1456640625
0 0.7533203125 0.4358984375 0.0305078125 0.1355859375
1 0.8109765625 0.4356640625 0.0658984375 0.11765625
5 0.4920703125 0.5673046875 0.0346875 0.1446484375
5 0.61796875 0.5939453125 0.0401953125 0.139140625
3 0.7296484375 0.598515625 0.03375 0.1115625
4 0.233828125 0.556484375 0.0439453125 0.1148046875