1 0.2410591603053435 0.3477530364372469 0.03640267175572519 0.16827935222672064
1 0.2898282442748092 0.3511336032388664 0.04063931297709924 0.1435425101214575
1 0.3456965648854962 0.3610121457489879 0.035753816793893126 0.16331983805668018
5 0.41662213740458015 0.3520242914979757 0.04825381679389313 0.1813157894736842
5 0.46813931297709926 0.33064777327935224 0.01982824427480916 0.22404858299595143
3 0.5012213740458015 0.3981174089068826 0.01812977099236641 0.12508097165991902
3 0.5268702290076336 0.38483805668016197 0.02278625954198473 0.18400809716599192
5 0.5658874045801526 0.3616801619433198 0.032958015267175574 0.2051417004048583
5 0.611574427480916 0.3605668016194332 0.03316793893129771 0.22538461538461538
1 0.6557824427480916 0.3684412955465587 0.026164122137404582 0.1916599190283401
1 0.704131679389313 0.37473684210526315 0.02954198473282443 0.15028340080971658
1 0.757557251908397 0.35157894736842105 0.02614503816793893 0.1534412955465587
1 0.7939217557251909 0.3481983805668016 0.02465648854961832 0.17817813765182186
1 0.8262595419847328 0.3520242914979757 0.019341603053435113 0.14534412955465587
4 0.22017175572519085 0.5067206477732793 0.03916984732824427 0.11287449392712551
5 0.577013358778626 0.5834008097165991 0.036135496183206106 0.13574898785425102
1 0.710381679389313 0.5543927125506073 0.04416984732824428 0.1542105263157895
0 0.7846946564885496 0.5753036437246963 0.0295324427480916 0.15554655870445344