0 0.3052734375 0.4308203125 0.044375 0.1346484375
0 0.265078125 0.3848828125 0.0365625 0.0942578125
2 0.397421875 0.429921875 0.0218359375 0.1328125
1 0.4691015625 0.451953125 0.0365234375 0.1217578125
1 0.5040234375 0.4630078125 0.0328515625 0.1070703125
1 0.5626171875 0.464609375 0.0443359375 0.1148828125
0 0.626953125 0.4271875 0.0259375 0.090546875
0 0.707109375 0.409921875 0.053046875 0.125
4 0.7880078125 0.5333203125 0.05671875 0.0913671875
4 0.2276171875 0.54203125 0.063671875 0.118046875
1 0.3165234375 0.6003515625 0.04390625 0.1336328125
5 0.4451953125 0.618515625 0.04390625 0.137734375
3 0.5223828125 0.6233203125 0.014453125 0.1428125