4 0.2632421875 0.50640625 0.0476171875 0.11578125
4 0.75125 0.4579296875 0.049375 0.1061328125
4 0.7751171875 0.7400390625 0.060390625 0.118828125
4 0.24484375 0.756328125 0.0586328125 0.10828125
3 0.537109375 0.7898828125 0.0255078125 0.140390625
1 0.497578125 0.6290625 0.0567578125 0.1202734375
2 0.5885546875 0.59921875 0.0365234375 0.154296875
0 0.665078125 0.759765625 0.037890625 0.1123828125
0 0.71171875 0.7391015625 0.02546875 0.1169921875
2 0.404765625 0.56890625 0.0365625 0.0753125
2 0.3714453125 0.5819921875 0.0296484375 0.096875
0 0.3404296875 0.583359375 0.0365625 0.09046875
0 0.291953125 0.579453125 0.0453125 0.0872265625