4 0.2432421875 0.321953125 0.0471484375 0.1393359375
4 0.7868359375 0.38375 0.051640625 0.1553515625
4 0.8219921875 0.62515625 0.043828125 0.1280859375
4 0.1871875 0.607265625 0.0747265625 0.138203125
5 0.4185546875 0.656875 0.0641015625 0.145546875
5 0.6366015625 0.6506640625 0.0360546875 0.1469140625
5 0.580078125 0.3738671875 0.0571875 0.15671875
2 0.6437109375 0.382578125 0.018125 0.15765625
0 0.677265625 0.41015625 0.020859375 0.1025
0 0.73125 0.394765625 0.0231640625 0.10390625
5 0.424765625 0.387421875 0.044375 0.1443359375
1 0.485625 0.392265625 0.0328515625 0.131015625
5 0.5472265625 0.6582421875 0.045703125 0.1574609375