1 0.3643359375 0.48 0.047578125 0.1869921875
1 0.4844921875 0.5243359375 0.0278125 0.168125
0 0.7208984375 0.48 0.043828125 0.0951171875
4 0.2358984375 0.6821484375 0.0618359375 0.095
2 0.291015625 0.507578125 0.025078125 0.1134765625
5 0.5653515625 0.687890625 0.04984375 0.1569921875
5 0.489765625 0.7071875 0.0503125 0.158828125
1 0.44796875 0.686484375 0.0494140625 0.181796875
0 0.669453125 0.70234375 0.0328125 0.0986328125
0 0.72046875 0.66078125 0.03375 0.1119921875
5 0.58671875 0.478828125 0.0512109375 0.189296875