4 0.2437109375 0.2953125 0.06828125 0.148515625
0 0.763203125 0.3387109375 0.0548828125 0.12046875
4 0.7868359375 0.453359375 0.0810546875 0.07859375
5 0.5968359375 0.651796875 0.0346875 0.1630078125
5 0.6209765625 0.4409375 0.0415625 0.1732421875
3 0.5573046875 0.4855078125 0.0291796875 0.1244921875
1 0.5237890625 0.4772265625 0.02640625 0.181484375
1 0.416953125 0.4583984375 0.0379296875 0.1346484375
0 0.3436328125 0.4175 0.0337890625 0.1171875
4 0.221875 0.4990625 0.056796875 0.119453125
1 0.4488671875 0.659609375 0.0328515625 0.1878125