0 0.25795918367346937 0.3523593073593073 0.03518552875695733 0.15541125541125542
0 0.3009369202226345 0.3773593073593074 0.011883116883116884 0.10922077922077922
0 0.33937847866419296 0.36004329004329005 0.02898886827458256 0.17077922077922078
1 0.3765769944341373 0.3023593073593073 0.018877551020408164 0.13235930735930734
0 0.4159554730983302 0.3523593073593073 0.01103896103896104 0.17463203463203464
1 0.4470779220779221 0.3735064935064935 0.01969387755102041 0.17848484848484847
5 0.5591094619666048 0.3612337662337662 0.023181818181818182 0.20686147186147186
1 0.6335157699443413 0.38 0.027699443413729128 0.2154978354978355
3 0.6922634508348794 0.3768831168831169 0.025630797773654915 0.15636363636363634
3 0.7357513914656771 0.36004329004329005 0.03427643784786642 0.13231601731601733
4 0.22982374768089053 0.5312337662337663 0.025500927643784786 0.15915584415584416
1 0.3456586270871985 0.5735497835497836 0.02300556586270872 0.15525974025974026
5 0.5019016697588126 0.6141774891774892 0.0386456400742115 0.15476190476190477
1 0.7566790352504639 0.5843722943722944 0.03695732838589982 0.15285714285714286