4 0.295390625 0.4007421875 0.0383984375 0.08828125
4 0.762265625 0.35390625 0.053046875 0.10484375
0 0.7218359375 0.453828125 0.0273046875 0.0887109375
0 0.6319921875 0.460234375 0.026875 0.1015625
5 0.5196484375 0.4774609375 0.02734375 0.1405859375
1 0.4498046875 0.4813671875 0.0346875 0.1621875
4 0.265078125 0.55625 0.0696484375 0.1005859375
1 0.5352734375 0.6440234375 0.0218359375 0.1198046875
1 0.615234375 0.6389453125 0.0346875 0.137265625
0 0.697265625 0.6040234375 0.028671875 0.10421875
0 0.7411328125 0.5695703125 0.029140625 0.0996484375
0 0.46609375 0.64953125 0.03515625 0.14921875