1 0.2112890625 0.422109375 0.026484375 0.1080078125
1 0.2480859375 0.429453125 0.0264453125 0.0859375
0 0.29515625 0.4354296875 0.0425390625 0.1070703125
2 0.3482421875 0.415 0.024609375 0.1259375
5 0.4215234375 0.4090234375 0.02875 0.1231640625
3 0.47921875 0.39453125 0.038359375 0.108046875
3 0.52609375 0.394765625 0.0218359375 0.1406640625
5 0.591796875 0.391796875 0.03375 0.1944140625
1 0.6595703125 0.4131640625 0.0084765625 0.1590234375
1 0.7408984375 0.390859375 0.044296875 0.14109375
1 0.7746875 0.2824609375 0.068671875 0.1228125
4 0.782265625 0.53328125 0.0424609375 0.109765625
5 0.4026953125 0.598046875 0.044375 0.1566015625
3 0.51296875 0.5728125 0.01859375 0.1336328125
2 0.590625 0.598515625 0.0360546875 0.1299609375