4 0.2375 0.5746484375 0.0512890625 0.1189453125
0 0.8197265625 0.560859375 0.0484375 0.0913671875
2 0.8128125 0.407421875 0.02546875 0.0786328125
2 0.7641015625 0.430390625 0.0199609375 0.0694140625
5 0.6094921875 0.4200390625 0.0277734375 0.145234375
3 0.510234375 0.4480859375 0.031484375 0.1001953125
3 0.5626171875 0.413828125 0.0443359375 0.1282421875
1 0.4178515625 0.4156640625 0.0213671875 0.1319140625
1 0.35421875 0.387421875 0.0457421875 0.1443359375
0 0.2744921875 0.4087890625 0.02875 0.1089453125
5 0.4385546875 0.586328125 0.0535546875 0.1653515625
5 0.6094921875 0.5866015625 0.046171875 0.1060546875
3 0.5233203125 0.57875 0.0346875 0.13640625