4 0.249921875 0.3283984375 0.048515625 0.086015625
4 0.7625 0.3892578125 0.04890625 0.0965625
4 0.77328125 0.614609375 0.075078125 0.13453125
4 0.2356640625 0.6088671875 0.0659765625 0.12765625
5 0.4573828125 0.6155078125 0.0452734375 0.1363671875
1 0.568125 0.6196484375 0.0369921875 0.153828125
1 0.564921875 0.437734375 0.0213671875 0.1392578125
3 0.5003515625 0.4365625 0.0438671875 0.1415234375
1 0.4644921875 0.4388671875 0.02734375 0.136953125
2 0.4026953125 0.421875 0.0186328125 0.0937890625
0 0.33515625 0.409921875 0.039765625 0.106640625
0 0.28390625 0.4087890625 0.0430078125 0.0721875