0 0.26046875 0.3398828125 0.0420703125 0.08140625
0 0.3128515625 0.430625 0.0365625 0.0652734375
1 0.407734375 0.479296875 0.0379296875 0.089140625
1 0.5380078125 0.4781640625 0.02734375 0.1649609375
0 0.638203125 0.45703125 0.0438671875 0.104296875
4 0.696328125 0.303125 0.045234375 0.0814453125
1 0.7064453125 0.5856640625 0.083828125 0.1226171875
1 0.6510546875 0.62515625 0.0328125 0.1832421875
0 0.29171875 0.5555859375 0.0678125 0.0762109375
3 0.50125 0.637109375 0.02734375 0.115234375
3 0.4966796875 0.499765625 0.0365234375 0.10703125