0 0.2834375 0.4351953125 0.0144921875 0.1112109375
0 0.32984375 0.44578125 0.0430078125 0.08640625
0 0.4031640625 0.448984375 0.047109375 0.1387890625
1 0.4879296875 0.4671484375 0.02828125 0.1061328125
1 0.55546875 0.4498828125 0.0255078125 0.140625
2 0.6287890625 0.4478515625 0.029609375 0.1043359375
0 0.6671484375 0.438203125 0.037421875 0.112578125
0 0.7140234375 0.4515234375 0.020859375 0.1116796875
4 0.726875 0.37984375 0.0466015625 0.09703125
4 0.7567578125 0.644453125 0.060390625 0.129921875
4 0.22875 0.652734375 0.06140625 0.1280859375
1 0.446796875 0.62125 0.0512109375 0.1248828125
5 0.5490625 0.6169140625 0.049375 0.129921875