4 0.24578125 0.50203125 0.0310546875 0.1208203125
4 0.8031640625 0.5668359375 0.0337109375 0.1125
0 0.7923828125 0.7581640625 0.044296875 0.1597265625
0 0.723203125 0.749921875 0.0576171875 0.1064453125
5 0.638203125 0.529609375 0.02546875 0.157578125
3 0.494140625 0.52203125 0.0452734375 0.110234375
3 0.5428515625 0.514921875 0.0140234375 0.164921875
3 0.5816796875 0.5351171875 0.0135546875 0.1318359375
2 0.39328125 0.5578515625 0.0411328125 0.1267578125
0 0.3413671875 0.5971484375 0.0383984375 0.0996484375
0 0.2981640625 0.5976171875 0.025546875 0.0913671875
4 0.2512890625 0.7423046875 0.0420703125 0.1142578125
1 0.4847265625 0.7083203125 0.031015625 0.1381640625
1 0.5653515625 0.7028125 0.031484375 0.1455078125