0 0.2237109375 0.61046875 0.0237109375 0.13546875
0 0.2593359375 0.610234375 0.026015625 0.139609375
4 0.381796875 0.5619921875 0.0457421875 0.162578125
1 0.4720703125 0.5580859375 0.0379296875 0.1961328125
1 0.51046875 0.5734765625 0.02734375 0.12125
1 0.59453125 0.5640625 0.0208984375 0.1621484375
2 0.65265625 0.57234375 0.022265625 0.10515625
0 0.6974609375 0.5617578125 0.0429296875 0.0932421875
0 0.7413671875 0.579453125 0.025 0.0872265625
0 0.78984375 0.5712109375 0.01625 0.0891015625
4 0.7985546875 0.7119921875 0.0429296875 0.090390625
4 0.226484375 0.7772265625 0.0476171875 0.0921875
2 0.4419921875 0.78046875 0.046640625 0.126171875
5 0.5977734375 0.772421875 0.0548828125 0.1238671875
3 0.505390625 0.7772265625 0.0448046875 0.12890625