0 0.2393359375 0.5854296875 0.0365625 0.1267578125
0 0.199140625 0.592109375 0.0434765625 0.117109375
1 0.428203125 0.5348828125 0.0374609375 0.1543359375
1 0.5343359375 0.5162890625 0.0567578125 0.1584765625
1 0.598203125 0.55328125 0.0282421875 0.1359375
2 0.646484375 0.5748828125 0.0236328125 0.133203125
2 0.7025390625 0.591875 0.0438671875 0.1212109375
2 0.7381640625 0.6042578125 0.0461328125 0.100078125
0 0.7769921875 0.5966796875 0.0456640625 0.08953125
0 0.7870703125 0.7721875 0.0475 0.09125
1 0.5729296875 0.7365625 0.04203125 0.180859375
1 0.2657421875 0.8045703125 0.0388671875 0.0962890625