4 0.222578125 0.284765625 0.0627734375 0.0814453125
4 0.7452734375 0.267265625 0.065 0.1384375
4 0.7859375 0.5553515625 0.0498046875 0.117109375
4 0.1933984375 0.576015625 0.073359375 0.094140625
1 0.388203125 0.4354296875 0.0218359375 0.198984375
3 0.4683984375 0.464609375 0.0121875 0.1332421875
3 0.494609375 0.4503515625 0.01859375 0.1691015625
2 0.56375 0.41109375 0.023671875 0.1594921875
2 0.614765625 0.421875 0.0245703125 0.14890625
2 0.691484375 0.4322265625 0.0401953125 0.10984375
5 0.405 0.62953125 0.032421875 0.14140625
5 0.295859375 0.6279296875 0.0301171875 0.1703515625
5 0.5120703125 0.64078125 0.0167578125 0.1409375
0 0.671953125 0.606328125 0.0571875 0.140078125