1 0.3526171875 0.4935546875 0.0195703125 0.1451953125
2 0.3048046875 0.5020703125 0.0342578125 0.1024609375
2 0.272421875 0.494453125 0.02921875 0.1102734375
2 0.46265625 0.5169921875 0.023671875 0.164453125
2 0.5272265625 0.518828125 0.037890625 0.1130078125
3 0.5743359375 0.514921875 0.0172265625 0.1465625
3 0.6329296875 0.486875 0.0287109375 0.0996875
2 0.6976953125 0.50203125 0.0204296875 0.13921875
4 0.7825 0.4356640625 0.05671875 0.1396875
4 0.1998046875 0.607265625 0.0862109375 0.138203125
2 0.626015625 0.6655859375 0.0425 0.11703125
1 0.49 0.7053125 0.0278125 0.173515625
5 0.4353125 0.6701953125 0.01953125 0.16296875
0 0.3176953125 0.6467578125 0.0416015625 0.0701953125