0 0.2556640625 0.3899609375 0.03703125 0.1355859375
0 0.2898828125 0.403046875 0.0273828125 0.1204296875
5 0.4447265625 0.3729296875 0.0337890625 0.1475390625
1 0.5929296875 0.380078125 0.0314453125 0.1480078125
2 0.6783984375 0.391796875 0.036953125 0.1208984375
0 0.7321875 0.4156640625 0.025 0.1319140625
0 0.7677734375 0.421640625 0.0273046875 0.1346484375
1 0.8194921875 0.4209765625 0.0341796875 0.128671875
5 0.586484375 0.6040234375 0.0553515625 0.1409765625
5 0.4412890625 0.58359375 0.0406640625 0.15984375
3 0.5113671875 0.5826953125 0.0291796875 0.12125
4 0.2193359375 0.5966796875 0.065546875 0.1262890625