0 0.3016015625 0.3619140625 0.055390625 0.08875
0 0.3487109375 0.436796875 0.0347265625 0.1006640625
2 0.46359375 0.421875 0.04390625 0.1305078125
5 0.4930078125 0.430390625 0.0291796875 0.1429296875
3 0.5352734375 0.4476171875 0.0218359375 0.1451953125
3 0.5694921875 0.4315234375 0.030546875 0.158984375
3 0.6168359375 0.4244140625 0.0241015625 0.1769140625
3 0.673125 0.42234375 0.021796875 0.140625
0 0.747109375 0.4198046875 0.0319140625 0.1309765625
0 0.79421875 0.3773046875 0.029609375 0.1057421875
2 0.712890625 0.414765625 0.0231640625 0.1484375
4 0.268984375 0.56453125 0.0544921875 0.117109375
4 0.82890625 0.57578125 0.0484375 0.1350390625
2 0.465859375 0.5966796875 0.039296875 0.1446484375
5 0.5423828125 0.6233203125 0.022265625 0.1428125