0 0.2126953125 0.325625 0.0383984375 0.0988671875
0 0.3096484375 0.4271484375 0.0393359375 0.1089453125
0 0.3990234375 0.444609375 0.048046875 0.21734375
3 0.4654296875 0.4730859375 0.047578125 0.1640234375
3 0.528359375 0.4581640625 0.0172265625 0.19390625
5 0.574765625 0.4512890625 0.045703125 0.2076953125
5 0.6430078125 0.4427734375 0.0121484375 0.158515625
2 0.6719921875 0.429453125 0.0424609375 0.1226953125
2 0.7186328125 0.41109375 0.030078125 0.14109375
2 0.757890625 0.4156640625 0.0396875 0.1319140625
4 0.7971875 0.2863671875 0.0493359375 0.144375
0 0.798125 0.5275390625 0.051171875 0.1396484375
0 0.24578125 0.607734375 0.0310546875 0.0748046875
1 0.5768359375 0.656171875 0.053984375 0.099140625
2 0.6595703125 0.6725 0.0268359375 0.14