0 0.2841192411924119 0.3508151093439364 0.02984643179765131 0.15731610337972166
0 0.3153297199638663 0.3510337972166998 0.022014453477868113 0.08268389662027834
0 0.35407407407407404 0.37974155069582505 0.03123757904245709 0.09590457256461234
5 0.4230171635049684 0.36296222664015904 0.05069557362240289 0.15069582504970178
5 0.5740650406504065 0.3386679920477137 0.037624209575429085 0.14628230616302187
3 0.5242908762420957 0.3439562624254473 0.018364950316169828 0.13922465208747514
3 0.5021047877145438 0.35632206759443336 0.024191508581752487 0.16393638170974154
1 0.6146160794941282 0.33423459244532805 0.03841915085817525 0.15512922465208748
1 0.6745347786811202 0.34948310139165006 0.011716350496838302 0.14584493041749502
0 0.7162782294489611 0.3368986083499006 0.014914182475158086 0.1074155069582505
0 0.7579313459801265 0.33602385685884695 0.027958446251129178 0.08799204771371769
1 0.4332610659439928 0.5404970178926441 0.035040650406504066 0.11701789264413519
5 0.5613188798554652 0.5131013916500994 0.06633242999096658 0.20359840954274352
4 0.7837217705510389 0.4852882703777336 0.05345076784101174 0.12147117296222665
4 0.26153568202348687 0.5053876739562625 0.034869015356820236 0.11306163021868787