5 0.420390625 0.390859375 0.031015625 0.1558203125
3 0.4923046875 0.44578125 0.023203125 0.1415234375
3 0.5226171875 0.4409375 0.0287109375 0.15484375
5 0.5701953125 0.4012109375 0.0365234375 0.171875
5 0.6140625 0.382578125 0.036953125 0.176015625
0 0.695390625 0.3816796875 0.025 0.137421875
0 0.7448046875 0.368828125 0.036484375 0.130078125
4 0.7907421875 0.5553515625 0.0548828125 0.117109375
4 0.228984375 0.559921875 0.0388671875 0.1446875
5 0.3797265625 0.6159765625 0.0462109375 0.146484375
2 0.4737109375 0.6389453125 0.008984375 0.192421875
3 0.521484375 0.6575390625 0.031015625 0.1515234375
5 0.590390625 0.6313671875 0.0401953125 0.145078125