1 0.1768359375 0.40671875 0.0402734375 0.1094140625
2 0.3204296875 0.3770703125 0.0471484375 0.1098828125
5 0.4128125 0.4175 0.038828125 0.1539453125
3 0.462890625 0.422109375 0.0379296875 0.12640625
3 0.52171875 0.4184375 0.026875 0.137421875
5 0.5894921875 0.3741015625 0.038359375 0.1636328125
5 0.6356640625 0.3980078125 0.052578125 0.11953125
5 0.7245703125 0.4037109375 0.0328125 0.144765625
4 0.8300390625 0.610234375 0.0461328125 0.139609375
4 0.1809765625 0.615078125 0.0393359375 0.12625
5 0.3900390625 0.6306640625 0.04390625 0.175859375
3 0.4881640625 0.640078125 0.024140625 0.153359375
3 0.5290625 0.6387109375 0.023203125 0.1598046875
1 0.576640625 0.6279296875 0.049375 0.207109375