1 0.201640625 0.38375 0.0347265625 0.1369921875
1 0.319765625 0.3970703125 0.0227734375 0.1360546875
1 0.3919140625 0.384453125 0.0291796875 0.14296875
1 0.459921875 0.413828125 0.0181640625 0.1466015625
3 0.501953125 0.4246484375 0.014921875 0.1544140625
5 0.59203125 0.41453125 0.029609375 0.1709375
4 0.755390625 0.3623828125 0.0484375 0.0988671875
4 0.1741015625 0.614375 0.053125 0.1019140625
1 0.54375 0.613203125 0.03421875 0.1593359375
2 0.493671875 0.648828125 0.0167578125 0.1616015625
1 0.345703125 0.6308984375 0.033359375 0.153359375