0 0.22046328671328672 0.3073996175908222 0.02091783216783217 0.1453919694072658
1 0.25193181818181815 0.368565965583174 0.02265734265734266 0.1338814531548757
0 0.2969493006993007 0.39390057361376674 0.03401223776223776 0.13673040152963672
0 0.3414160839160839 0.4013001912045889 0.011494755244755244 0.0989866156787763
0 0.3670891608391608 0.4101529636711281 0.021328671328671327 0.11187380497131931
0 0.40368881118881117 0.41564053537284895 0.026783216783216785 0.12764818355640536
1 0.43460664335664334 0.3977055449330784 0.029615384615384616 0.14437858508604207
3 0.4665122377622378 0.4108604206500956 0.023496503496503496 0.15630975143403442
3 0.493173076923077 0.4036902485659656 0.03310314685314685 0.17065009560229447
1 0.5346853146853147 0.4003441682600382 0.02873251748251748 0.17351816443594648
1 0.5751136363636363 0.4201720841300191 0.0177972027972028 0.16061185468451242
5 0.6226398601398601 0.39795411089866156 0.027622377622377625 0.14007648183556407
0 0.6745367132867133 0.3948565965583174 0.019965034965034965 0.1004206500956023
0 0.7332080419580419 0.36212237093690247 0.030227272727272724 0.13531548757170173
1 0.7680594405594405 0.2598661567877629 0.03218531468531469 0.10288718929254302
4 0.799527972027972 0.23692160611854685 0.033924825174825174 0.11437858508604207
4 0.19653846153846155 0.5389292543021033 0.0408041958041958 0.14476099426386232
3 0.2601223776223776 0.5530210325047802 0.04123251748251748 0.13950286806883364
5 0.44936188811188815 0.6313766730401529 0.026337412587412585 0.18151051625239006
5 0.41090034965034966 0.608451242829828 0.028094405594405594 0.17388145315487571
5 0.5436451048951049 0.6278011472275334 0.042272727272727274 0.1695602294455067
5 0.6060314685314685 0.6108221797323136 0.03811188811188811 0.20732313575525813