4 0.253125 0.2684375 0.04578125 0.099375
4 0.75421875 0.268671875 0.0507421875 0.076875
4 0.7806640625 0.5397265625 0.053046875 0.1042578125
4 0.215 0.544765625 0.033828125 0.1051953125
0 0.261171875 0.5580859375 0.048046875 0.141015625
1 0.3204296875 0.6205859375 0.02875 0.1740234375
5 0.4378515625 0.622421875 0.0291796875 0.177734375
3 0.5083984375 0.6276953125 0.0094140625 0.137734375
5 0.57203125 0.61046875 0.0401953125 0.153828125
2 0.5736328125 0.417265625 0.0480078125 0.1397265625
2 0.6409375 0.410859375 0.0309765625 0.1268359375
1 0.6974609375 0.41453125 0.0245703125 0.13421875
1 0.7342578125 0.4048828125 0.0429296875 0.1057421875
1 0.47875 0.4574609375 0.02828125 0.1695703125
5 0.3912109375 0.4469140625 0.06 0.13921875
0 0.30640625 0.4356640625 0.06046875 0.1396875