0 0.25438356164383563 0.4097413793103448 0.028250790305584826 0.11448275862068966
0 0.3188935721812434 0.4422844827586207 0.009747102212855638 0.0838146551724138
0 0.3685247629083246 0.4482758620689655 0.024720758693361433 0.11015086206896552
5 0.44275026343519497 0.44993534482758624 0.03735511064278188 0.15659482758620688
5 0.5610010537407798 0.44754310344827586 0.030569020021074818 0.18053879310344828
3 0.5193150684931507 0.4959051724137931 0.01720758693361433 0.11443965517241379
3 0.48138040042149627 0.5155387931034483 0.016280295047418333 0.10579741379310345
0 0.6818124341412012 0.46239224137931034 0.03309799789251844 0.12403017241379309
0 0.7157639620653319 0.44254310344827585 0.03262381454162276 0.08331896551724137
0 0.7576712328767123 0.3903448275862069 0.02559536354056902 0.09965517241379311
4 0.7129610115911486 0.6172629310344828 0.05322444678609062 0.14357758620689656
5 0.5512750263435194 0.6531896551724138 0.031949420442571125 0.11767241379310345
3 0.5049209694415174 0.6704310344827585 0.02353003161222339 0.11383620689655173
5 0.2582402528977871 0.5873491379310344 0.024278187565858797 0.13448275862068965
5 0.43010537407797683 0.675926724137931 0.030800842992623815 0.12963362068965517