5 0.295390625 0.44921875 0.0383984375 0.1346484375
0 0.3645703125 0.4662109375 0.0434375 0.1226953125
5 0.401328125 0.433125 0.0618359375 0.1116796875
1 0.4888671875 0.4655078125 0.0301171875 0.1534765625
5 0.6280859375 0.4395703125 0.04203125 0.1796875
0 0.708046875 0.47515625 0.036484375 0.1084375
4 0.7636328125 0.4175390625 0.0649609375 0.0620703125
4 0.1724609375 0.6430859375 0.0453125 0.11796875
1 0.3799609375 0.6334375 0.023671875 0.12625
2 0.4998828125 0.62171875 0.0337890625 0.135
2 0.5658203125 0.6398828125 0.023203125 0.1575