5 0.5782421875 0.490546875 0.038828125 0.1254296875
0 0.786171875 0.471484375 0.0640625 0.119453125
4 0.78546875 0.64609375 0.0396875 0.119375
0 0.2473828125 0.453828125 0.0388671875 0.0887109375
0 0.28875 0.480703125 0.0112890625 0.0826953125
3 0.366640625 0.4974609375 0.024609375 0.09328125
3 0.5005859375 0.49859375 0.0213671875 0.127734375
1 0.4491015625 0.513515625 0.0287109375 0.134609375
5 0.543984375 0.6885546875 0.0484765625 0.1262109375
2 0.435546875 0.702578125 0.0213671875 0.13125
0 0.2857421875 0.687421875 0.0466796875 0.128515625
0 0.22875 0.6196875 0.0430078125 0.0435546875