0 0.2044140625 0.38765625 0.021875 0.121796875
0 0.2721875 0.409921875 0.0701171875 0.125
0 0.3094140625 0.388125 0.025078125 0.1319140625
5 0.54078125 0.39890625 0.0512109375 0.176484375
1 0.4451953125 0.4340625 0.0255078125 0.131875
0 0.685078125 0.3855859375 0.045703125 0.10390625
4 0.790078125 0.483671875 0.0121484375 0.04734375
4 0.1761328125 0.5884375 0.05265625 0.1097265625
4 0.2266796875 0.603125 0.0434765625 0.1023828125
1 0.347109375 0.6387109375 0.0269140625 0.123046875
5 0.49734375 0.658671875 0.0792578125 0.24109375
2 0.5729296875 0.6550390625 0.04203125 0.1234765625