0 0.2432421875 0.298984375 0.0398046875 0.1007421875
0 0.346640625 0.4126953125 0.0351953125 0.1121484375
5 0.431875 0.4388671875 0.0264453125 0.136953125
3 0.537578125 0.4878125 0.035625 0.1566796875
3 0.5541015625 0.4960546875 0.0319140625 0.173203125
5 0.615234375 0.4409375 0.053046875 0.136484375
0 0.6703515625 0.4432421875 0.0346484375 0.113515625
0 0.7223046875 0.398203125 0.037421875 0.115390625
0 0.77375 0.34953125 0.0484375 0.1098828125
0 0.797890625 0.5055078125 0.0185546875 0.095546875
5 0.5490625 0.668359375 0.049375 0.1409375
1 0.428671875 0.6525 0.0291796875 0.113828125
4 0.245078125 0.5020703125 0.0434765625 0.1024609375