0 0.2653936170212766 0.42060185185185184 0.044819148936170214 0.1532175925925926
0 0.29570212765957443 0.4243055555555556 0.0420531914893617 0.13472222222222222
0 0.35506382978723405 0.4872453703703704 0.037361702127659574 0.13099537037037037
1 0.4014468085106383 0.4768287037037037 0.036500000000000005 0.15182870370370372
1 0.46622340425531916 0.4527777777777778 0.03627659574468085 0.15923611111111113
5 0.6120638297872341 0.4675694444444445 0.04923404255319149 0.2073611111111111
5 0.6701489361702129 0.45532407407407405 0.03347872340425532 0.1504398148148148
4 0.7543936170212766 0.3588194444444444 0.03176595744680851 0.1842824074074074
4 0.7584361702127659 0.6353472222222223 0.03559574468085106 0.13090277777777778
4 0.5818510638297872 0.6024999999999999 0.02286170212765957 0.12997685185185184
4 0.6447234042553192 0.657337962962963 0.03156382978723404 0.12393518518518519