4 0.1575390625 0.486875 0.0384375 0.1180859375
4 0.190625 0.6387109375 0.0310546875 0.1046484375
4 0.825703125 0.6699609375 0.0328125 0.0936328125
4 0.8312109375 0.4823046875 0.043828125 0.10890625
5 0.419453125 0.530078125 0.0659375 0.1308984375
3 0.55546875 0.5277734375 0.0255078125 0.15390625
2 0.5977734375 0.5103125 0.0365234375 0.210859375
5 0.6391015625 0.555546875 0.045703125 0.1497265625
5 0.4378515625 0.6968359375 0.0291796875 0.1611328125
2 0.335390625 0.73265625 0.017265625 0.1592578125
2 0.38203125 0.6892578125 0.0416015625 0.113828125
2 0.333984375 0.5592578125 0.0237109375 0.101953125