4 0.233359375 0.2939453125 0.0521875 0.1549609375
4 0.21109375 0.6196484375 0.048984375 0.13546875
4 0.792578125 0.2861328125 0.0585546875 0.13015625
4 0.7659375 0.391796875 0.0236328125 0.1208984375
0 0.7034375 0.3885546875 0.045703125 0.14203125
5 0.556640625 0.355703125 0.0415625 0.18203125
5 0.4491015625 0.3660546875 0.0655078125 0.1797265625
1 0.459921875 0.4028125 0.0365234375 0.1245703125
1 0.5508984375 0.617109375 0.0346875 0.2176953125
1 0.4851953125 0.59046875 0.0594921875 0.201171875
1 0.428671875 0.6226171875 0.0291796875 0.2103515625
4 0.829140625 0.5998828125 0.044296875 0.1602734375