4 0.25359375 0.3169140625 0.0375 0.090625
4 0.234296875 0.61046875 0.0356640625 0.153828125
4 0.785 0.6153125 0.0847265625 0.1221484375
4 0.7503125 0.346796875 0.0548828125 0.0933203125
5 0.63453125 0.4510546875 0.0365234375 0.1566796875
1 0.696796875 0.4496875 0.036953125 0.1080078125
2 0.5699609375 0.4347265625 0.0406640625 0.1378515625
3 0.505625 0.44140625 0.0223046875 0.1466015625
1 0.4644921875 0.4122265625 0.0346875 0.1351171875
5 0.41671875 0.415234375 0.0604296875 0.14015625
1 0.5748046875 0.607265625 0.031015625 0.1602734375
0 0.7337890625 0.62125 0.0328125 0.14328125
5 0.45140625 0.618984375 0.0425 0.1478515625