0 0.2632421875 0.3525 0.02921875 0.1112890625
0 0.33765625 0.3633203125 0.0494140625 0.0823046875
2 0.3859375 0.325390625 0.0264453125 0.0846484375
5 0.4930078125 0.322890625 0.047578125 0.148515625
3 0.5548046875 0.341953125 0.01953125 0.1176953125
3 0.5704296875 0.330234375 0.0323828125 0.1080859375
3 0.6512890625 0.3242578125 0.0287109375 0.1604296875
5 0.7034375 0.306796875 0.0273046875 0.1071484375
0 0.746171875 0.3210546875 0.0300390625 0.0896875
0 0.7962890625 0.360546875 0.029140625 0.076796875
4 0.8737109375 0.5289453125 0.0691015625 0.0964453125
4 0.2476171875 0.552578125 0.053125 0.16671875
5 0.50171875 0.5624609375 0.0374609375 0.1359375
5 0.63796875 0.55375 0.0480078125 0.1276953125
1 0.3487109375 0.567265625 0.0347265625 0.159375