1 0.2501171875 0.345859375 0.026015625 0.139296875
2 0.2834375 0.4388671875 0.0144921875 0.136953125
2 0.36890625 0.48 0.0347265625 0.150234375
1 0.467734375 0.5470703125 0.0245703125 0.1924609375
5 0.4991796875 0.573046875 0.0792578125 0.1111328125
5 0.599140625 0.5084765625 0.0484765625 0.133671875
0 0.6751953125 0.4666796875 0.0397265625 0.0960546875
0 0.72828125 0.40671875 0.04015625 0.1094140625
4 0.763203125 0.3405859375 0.036484375 0.0873828125
4 0.77328125 0.598515625 0.0383203125 0.1115625
4 0.240234375 0.6178125 0.056796875 0.1133984375
1 0.4808203125 0.7740234375 0.0278125 0.1500390625
2 0.4222265625 0.7843359375 0.0346875 0.147734375
0 0.3670703125 0.7395703125 0.0347265625 0.127109375
0 0.3133203125 0.6725 0.0466796875 0.1032421875
0 0.680703125 0.6520703125 0.069140625 0.0853515625