5 0.6340625 0.376171875 0.044765625 0.199921875
5 0.587890625 0.3848828125 0.04890625 0.1346875
3 0.5221875 0.4184375 0.0369921875 0.137421875
3 0.487265625 0.4161328125 0.0223046875 0.14203125
5 0.447734375 0.4051171875 0.03515625 0.138359375
5 0.4226953125 0.4166015625 0.063203125 0.13375
0 0.3514453125 0.4044140625 0.040234375 0.1507421875
0 0.2696484375 0.384453125 0.0237109375 0.14296875
4 0.218203125 0.54984375 0.049453125 0.10609375
4 0.7946484375 0.5675 0.0580859375 0.1001171875
5 0.63109375 0.6267578125 0.0250390625 0.154296875
5 0.5780078125 0.6378125 0.04296875 0.1395703125
3 0.5125390625 0.6458203125 0.026875 0.1969921875
2 0.436015625 0.643984375 0.0255078125 0.1565625
2 0.419921875 0.64171875 0.039296875 0.161171875