0 0.2737890625 0.484609375 0.0227734375 0.0859375
0 0.3165234375 0.5094140625 0.04390625 0.1171484375
1 0.408203125 0.5133203125 0.048046875 0.13875
2 0.493671875 0.5268359375 0.03515625 0.1704296875
2 0.5784765625 0.490546875 0.0346875 0.1437890625
0 0.6478515625 0.5008984375 0.0355859375 0.141484375
0 0.7066796875 0.514453125 0.02453125 0.0996875
4 0.785234375 0.436796875 0.0622265625 0.1006640625
2 0.6251171875 0.676640625 0.0406640625 0.1391015625
1 0.4596875 0.68625 0.0406640625 0.1491796875
1 0.3333203125 0.668359375 0.03609375 0.1225390625
4 0.2237109375 0.62125 0.06046875 0.14328125