0 0.2632421875 0.4705859375 0.0476171875 0.1176171875
0 0.5933984375 0.5231640625 0.031953125 0.1814453125
0 0.6662109375 0.5241015625 0.0355859375 0.1465234375
4 0.7877734375 0.4517578125 0.0351171875 0.1075390625
4 0.801796875 0.6933984375 0.0585546875 0.112890625
2 0.6124609375 0.69796875 0.0291796875 0.14046875
0 0.6896484375 0.715234375 0.036484375 0.1059765625
1 0.5426171875 0.72921875 0.0365234375 0.1477734375
1 0.45046875 0.682578125 0.0223046875 0.1418359375
5 0.38546875 0.6784765625 0.0347265625 0.1611328125
4 0.2361328125 0.6858203125 0.0576953125 0.1391015625
2 0.4651953125 0.5287109375 0.0333203125 0.118984375
1 0.490234375 0.546171875 0.04203125 0.117109375
5 0.388671875 0.513984375 0.0503515625 0.126328125
0 0.304375 0.540859375 0.024140625 0.101953125