2 0.2710546875 0.3844140625 0.0356640625 0.161328125
0 0.343203125 0.4131640625 0.023671875 0.1038671875
5 0.40109375 0.3966015625 0.0291796875 0.1259375
5 0.594765625 0.40234375 0.03515625 0.1512109375
5 0.7287109375 0.4184375 0.0319140625 0.1190234375
0 0.7985546875 0.4097265625 0.02453125 0.11078125
3 0.5341015625 0.4248828125 0.0241015625 0.113515625
3 0.498515625 0.4205078125 0.0218359375 0.1001953125
5 0.4033984375 0.5796875 0.024609375 0.11984375
5 0.625546875 0.5976171875 0.0323828125 0.146484375
4 0.2476171875 0.6201171875 0.053125 0.0904296875