0 0.2742578125 0.384453125 0.01453125 0.0878125
0 0.326640625 0.4119921875 0.0457421875 0.1245703125
5 0.399921875 0.4122265625 0.0498828125 0.1571875
2 0.568359375 0.4469140625 0.014453125 0.194375
2 0.6244140625 0.46484375 0.0346875 0.1475
2 0.707109375 0.444375 0.053046875 0.1112109375
3 0.4934375 0.468984375 0.0208984375 0.128203125
3 0.5279296875 0.46875 0.0255078125 0.1139453125
4 0.7916796875 0.58703125 0.05671875 0.0978125
4 0.2175 0.5585546875 0.0618359375 0.0776171875
0 0.326640625 0.6083984375 0.0457421875 0.0991796875
2 0.4144140625 0.65296875 0.02828125 0.1239453125
2 0.3790234375 0.6545703125 0.0218359375 0.113359375
3 0.49828125 0.6711328125 0.0259765625 0.1096875
2 0.6375 0.6665234375 0.0194921875 0.1188671875