1 0.295390625 0.3476953125 0.0420703125 0.139296875
1 0.3824609375 0.359609375 0.0333203125 0.1484765625
3 0.486328125 0.3589453125 0.038828125 0.1425
3 0.525390625 0.364921875 0.03421875 0.18203125
1 0.590859375 0.352734375 0.0135546875 0.2173828125
1 0.731953125 0.3963671875 0.0475390625 0.1851953125
0 0.7728515625 0.36859375 0.028203125 0.115859375
4 0.8015625 0.6015234375 0.044296875 0.11296875
1 0.7213671875 0.644453125 0.0355859375 0.129921875
2 0.5460546875 0.5695703125 0.0296484375 0.154765625
2 0.455546875 0.586328125 0.023203125 0.146953125
2 0.384765625 0.6003515625 0.02875 0.115234375
4 0.186953125 0.5466015625 0.06046875 0.1272265625