1 0.7921484375 0.391796875 0.0300390625 0.1025
4 0.8183203125 0.5976171875 0.036484375 0.146484375
5 0.4732421875 0.4464453125 0.0172265625 0.1658984375
3 0.5748046875 0.47609375 0.02734375 0.14703125
3 0.5341015625 0.4609375 0.0425 0.1258984375
0 0.3516796875 0.429921875 0.017734375 0.1695703125
1 0.29125 0.3697265625 0.0576953125 0.131953125
4 0.27265625 0.5815234375 0.0434765625 0.123515625
2 0.4580859375 0.637578125 0.0291796875 0.1437109375
1 0.583046875 0.641953125 0.0438671875 0.138671875
1 0.7459375 0.645390625 0.0341796875 0.095