4 0.24921875 0.3015234375 0.0425390625 0.110390625
4 0.81234375 0.530078125 0.052109375 0.1125390625
4 0.751484375 0.31578125 0.045234375 0.07453125
4 0.2041796875 0.50390625 0.044375 0.1061328125
1 0.4408203125 0.668125 0.0305859375 0.1266796875
2 0.438984375 0.4735546875 0.026875 0.1557421875
2 0.5851171875 0.4979296875 0.0250390625 0.1401171875
3 0.5240234375 0.510546875 0.022265625 0.1332421875
2 0.4036328125 0.4618359375 0.0162890625 0.1644921875
2 0.36546875 0.4340625 0.0269140625 0.113515625
0 0.322734375 0.438203125 0.024140625 0.075859375
0 0.28828125 0.4019140625 0.0379296875 0.067578125
1 0.30296875 0.6378125 0.0305859375 0.1028125
1 0.68484375 0.6316015625 0.0314453125 0.1409765625
2 0.5966015625 0.69890625 0.0204296875 0.105546875
5 0.4801171875 0.7131640625 0.0218359375 0.12484375
0 0.6859765625 0.4698828125 0.029140625 0.111640625
0 0.7248046875 0.42625 0.028671875 0.107109375