0 0.209453125 0.290703125 0.0228125 0.102578125
2 0.3390625 0.35734375 0.024609375 0.1346875
2 0.3048046875 0.3936328125 0.0158984375 0.1062109375
1 0.25359375 0.3750390625 0.0191015625 0.1103515625
1 0.5396484375 0.395 0.03515625 0.118125
0 0.630625 0.3858203125 0.014921875 0.118125
0 0.6873828125 0.390625 0.022734375 0.1048046875
0 0.7374609375 0.3660546875 0.021796875 0.1062109375
4 0.7689453125 0.2741796875 0.0433984375 0.087890625
4 0.8026953125 0.229140625 0.0236328125 0.108125
4 0.210625 0.5502734375 0.075625 0.1162109375
4 0.4105078125 0.5858984375 0.0434375 0.1368359375
5 0.551796875 0.603125 0.0365234375 0.1942578125
5 0.4654296875 0.4283203125 0.047578125 0.106640625
1 0.397421875 0.4000390625 0.040234375 0.137421875
0 0.6703515625 0.57140625 0.0346484375 0.1033203125
0 0.800859375 0.552578125 0.0383203125 0.07484375
0 0.74390625 0.57671875 0.053046875 0.1001171875
2 0.6214453125 0.6019921875 0.03328125 0.0862890625