0 0.2678125 0.553515625 0.0383984375 0.1134375
5 0.3333203125 0.5392578125 0.03609375 0.094140625
5 0.4798828125 0.541328125 0.0443359375 0.1304296875
1 0.67265625 0.510078125 0.030078125 0.1598828125
1 0.730546875 0.5362890625 0.0355859375 0.0744140625
0 0.8066015625 0.5441015625 0.0268359375 0.117578125
4 0.8015625 0.728984375 0.044296875 0.11515625
4 0.2521875 0.761171875 0.080703125 0.1243359375
2 0.509765625 0.7469140625 0.039765625 0.141796875
2 0.6864453125 0.7439453125 0.0392578125 0.103671875
1 0.5474609375 0.540625 0.0415625 0.1428515625