3 0.280234375 0.4016796875 0.0356640625 0.126875
3 0.2466796875 0.6286328125 0.0512890625 0.1028125
4 0.7875390625 0.62953125 0.0392578125 0.0679296875
0 0.7530859375 0.4921875 0.0346484375 0.078125
0 0.693125 0.52296875 0.029609375 0.1120703125
2 0.6446484375 0.51078125 0.0199609375 0.09234375
5 0.4840234375 0.5194921875 0.0250390625 0.1557421875
1 0.47046875 0.686484375 0.0484765625 0.1450390625
5 0.5704296875 0.6816796875 0.05078125 0.14
1 0.5508984375 0.5201953125 0.053046875 0.16171875
3 0.5959375 0.498125 0.0328515625 0.172734375