1 0.25220624999999997 0.6294888888888889 0.03091875 0.13365555555555556
1 0.24170625 0.5144222222222222 0.027912499999999996 0.09018888888888889
5 0.37944375 0.5244111111111112 0.02839375 0.14127777777777778
5 0.6008 0.5122 0.04360625 0.1124
0 0.71979375 0.5326444444444445 0.0215875 0.09994444444444445
0 0.7571625000000001 0.47265555555555555 0.028831250000000003 0.09554444444444443
1 0.7646625 0.6246111111111111 0.01383125 0.07945555555555556
5 0.621675 0.6490444444444444 0.03785 0.11942222222222222
5 0.42219375 0.6561555555555555 0.0288875 0.11586666666666667
5 0.36969375 0.6581555555555556 0.03389375 0.13318888888888888
0 0.3287 0.5508555555555555 0.0219 0.1097111111111111
0 0.28395624999999997 0.5553 0.02740625 0.1186
3 0.5221875 0.5206444444444445 0.01886875 0.10262222222222223
3 0.4865625 0.5206444444444445 0.020125 0.08484444444444444
1 0.55343125 0.5075333333333333 0.0263625 0.10752222222222221