4 0.2466796875 0.35734375 0.032890625 0.116328125
4 0.7535546875 0.30609375 0.044765625 0.1195703125
4 0.7560546875 0.5944140625 0.036015625 0.094140625
4 0.7030078125 0.6545703125 0.0355859375 0.076640625
0 0.6715234375 0.4701171875 0.0323828125 0.1258984375
2 0.575234375 0.48734375 0.037421875 0.1465625
3 0.502421875 0.5229296875 0.0250390625 0.22234375
1 0.4422265625 0.525 0.0278125 0.1925
2 0.3997265625 0.5204296875 0.017265625 0.157578125
2 0.3636328125 0.502265625 0.0232421875 0.2085546875
4 0.22625 0.588203125 0.0517578125 0.0955078125
1 0.637265625 0.71796875 0.060390625 0.1298828125
2 0.498046875 0.7501171875 0.0301171875 0.1390625
1 0.4102734375 0.7452734375 0.047578125 0.225859375