4 0.2501171875 0.2996875 0.044375 0.1434765625
4 0.217734375 0.5365234375 0.0393359375 0.125390625
4 0.738359375 0.2670703125 0.0419921875 0.1241796875
4 0.7884765625 0.5348828125 0.04109375 0.09921875
0 0.7326171875 0.4007421875 0.0351171875 0.106640625
0 0.688515625 0.41109375 0.0387890625 0.1043359375
2 0.6122265625 0.4129296875 0.03328125 0.1631640625
1 0.595 0.4540234375 0.031015625 0.1396875
2 0.505859375 0.4193359375 0.0365234375 0.1392578125
3 0.4691015625 0.4383984375 0.0181640625 0.16359375
1 0.443359375 0.449453125 0.0218359375 0.167265625
5 0.4070703125 0.4117578125 0.031953125 0.1654296875
0 0.3459375 0.42578125 0.02921875 0.13375
0 0.3048046875 0.418671875 0.0342578125 0.114921875
1 0.32203125 0.602890625 0.040234375 0.14328125
1 0.4293359375 0.6246875 0.02046875 0.13640625
3 0.5035546875 0.6079296875 0.022734375 0.1441796875
0 0.6935546875 0.5944140625 0.0397265625 0.094140625
1 0.583046875 0.6205859375 0.0255078125 0.1556640625