2 0.2554296875 0.321484375 0.0227734375 0.1365625
2 0.4015625 0.36765625 0.0209375 0.169140625
5 0.6161328125 0.343984375 0.0401953125 0.1760546875
1 0.5658203125 0.3616796875 0.0452734375 0.15171875
3 0.5196484375 0.367890625 0.02734375 0.165
3 0.4930078125 0.3848828125 0.0291796875 0.153046875
4 0.785234375 0.498359375 0.043828125 0.1318359375
5 0.6432421875 0.5654296875 0.02640625 0.1740625
5 0.6078515625 0.6021875 0.038359375 0.1740625
5 0.43875 0.5925390625 0.031015625 0.1639453125
4 0.253125 0.522265625 0.04578125 0.1244921875