0 0.27609375 0.568203125 0.0365625 0.1428515625
0 0.36984375 0.5780859375 0.040234375 0.1304296875
1 0.485390625 0.578515625 0.01859375 0.15890625
1 0.5308984375 0.598984375 0.026875 0.1216796875
3 0.610390625 0.5766796875 0.029609375 0.155234375
0 0.727578125 0.592109375 0.0341796875 0.13546875
4 0.7801953125 0.74140625 0.0612890625 0.0940234375
4 0.2312890625 0.7326953125 0.05265625 0.104140625
1 0.473671875 0.7744921875 0.0457421875 0.1233984375
0 0.342265625 0.74484375 0.040234375 0.1055078125
2 0.6246484375 0.7896484375 0.030546875 0.1077734375
2 0.6898828125 0.745546875 0.0323828125 0.12984375