0 0.26204410517387616 0.5896153846153847 0.03408821034775233 0.1366
0 0.3143850720949958 0.5766615384615384 0.06121289228159457 0.14144615384615383
1 0.38174724342663274 0.48876923076923073 0.0408481764206955 0.1590769230769231
5 0.4863104325699746 0.5135846153846153 0.048829516539440204 0.2043230769230769
5 0.5586429177268872 0.4936 0.026284987277353688 0.1951076923076923
1 0.6555640373197625 0.5030461538461539 0.04564885496183206 0.16566153846153847
0 0.7449787955894827 0.5133846153846153 0.01607294317217981 0.12040000000000001
4 0.8070144189991518 0.7333076923076923 0.07228159457167091 0.15144615384615384
4 0.26773536895674305 0.7533076923076922 0.04789652247667515 0.1255076923076923
5 0.5352586938083121 0.7018923076923077 0.04009329940627651 0.13696923076923076
0 0.6852502120441052 0.7473692307692308 0.034741306191687873 0.12683076923076922