4 0.2678125 0.338515625 0.0383984375 0.124609375
4 0.727578125 0.33390625 0.06359375 0.0970703125
4 0.836484375 0.4928515625 0.058984375 0.1024609375
4 0.1715625 0.4772265625 0.0434765625 0.1263671875
2 0.703671875 0.5930078125 0.0415625 0.1189453125
5 0.5428515625 0.6150390625 0.05078125 0.1630078125
4 0.408203125 0.652734375 0.048046875 0.183203125
2 0.5499609375 0.436796875 0.0328515625 0.2108984375
5 0.475546875 0.429453125 0.031015625 0.159453125
5 0.388203125 0.3973046875 0.05859375 0.1503125
2 0.650625 0.4046484375 0.04109375 0.1466015625