4 0.2253125 0.464140625 0.0315234375 0.0680078125
4 0.77421875 0.4864453125 0.021796875 0.089609375
1 0.5894921875 0.5548828125 0.0199609375 0.1069921875
5 0.47875 0.552109375 0.039296875 0.108828125
2 0.3565234375 0.5277734375 0.0411328125 0.09875
5 0.483359375 0.725546875 0.0190625 0.158828125
5 0.327109375 0.7280859375 0.0374609375 0.0949609375
2 0.443828125 0.703984375 0.0135546875 0.0880859375
2 0.2721875 0.7184375 0.033359375 0.1032421875
2 0.6090234375 0.7365625 0.01765625 0.10734375
1 0.537578125 0.5700390625 0.0208984375 0.0876953125