0 0.213125 0.3364453125 0.048515625 0.1066796875
0 0.2383984375 0.4115625 0.0347265625 0.0776953125
0 0.3016015625 0.468046875 0.03703125 0.089609375
5 0.346171875 0.472890625 0.025078125 0.113046875
2 0.4762109375 0.530078125 0.0186328125 0.149296875
3 0.5111328125 0.536953125 0.014921875 0.1538671875
1 0.5623828125 0.5314453125 0.030078125 0.179609375
2 0.629921875 0.495625 0.0273046875 0.126328125
0 0.7064453125 0.461171875 0.028671875 0.1033984375
0 0.7390625 0.4340625 0.029609375 0.09515625
0 0.7767578125 0.3633203125 0.0314453125 0.100703125
4 0.8075390625 0.2519140625 0.04703125 0.103046875
1 0.190859375 0.5737109375 0.0269140625 0.0987109375
1 0.2476171875 0.6288671875 0.0163671875 0.0803125
3 0.5021875 0.7347265625 0.0291796875 0.1220703125
2 0.595234375 0.7244140625 0.026875 0.124375