2 0.405234375 0.4776953125 0.02828125 0.173203125
0 0.45578125 0.48734375 0.0374609375 0.164921875
1 0.52078125 0.4363671875 0.0434375 0.1456640625
0 0.6278515625 0.4200390625 0.0277734375 0.1084765625
0 0.6921875 0.3894921875 0.0277734375 0.08875
0 0.7503125 0.3658203125 0.0475 0.091953125
4 0.8383203125 0.5360546875 0.06265625 0.1152734375
0 0.0840234375 0.491953125 0.0384375 0.0822265625
5 0.346640625 0.6662890625 0.016796875 0.1781640625
1 0.33125 0.4358984375 0.0365625 0.1355859375
0 0.21703125 0.4080859375 0.033359375 0.121328125
5 0.5223828125 0.664921875 0.05125 0.129453125