0 0.27265625 0.3433203125 0.025078125 0.092890625
5 0.405234375 0.368359375 0.02828125 0.1567578125
1 0.55546875 0.391328125 0.0255078125 0.1475390625
0 0.6312890625 0.4055859375 0.0208984375 0.1116796875
0 0.6974609375 0.3660546875 0.0429296875 0.14296875
2 0.7376953125 0.377109375 0.01765625 0.091484375
1 0.61109375 0.56546875 0.0355859375 0.1005859375
5 0.4644921875 0.5748828125 0.0457421875 0.0964453125
5 0.5276953125 0.6021875 0.0480078125 0.11890625
1 0.4727734375 0.409921875 0.0255078125 0.1433984375
1 0.50609375 0.430390625 0.0323828125 0.1429296875