0 0.20625 0.3320703125 0.025546875 0.0566015625
2 0.575234375 0.4351953125 0.037421875 0.1847265625
2 0.6173046875 0.4625390625 0.03421875 0.17046875
2 0.67265625 0.41890625 0.030078125 0.129140625
0 0.728046875 0.4358984375 0.0259375 0.1171875
0 0.7680078125 0.413828125 0.0415234375 0.091484375
0 0.8063671875 0.560859375 0.0309765625 0.0913671875
1 0.59890625 0.6704296875 0.03421875 0.1037109375
1 0.3994921875 0.6469921875 0.0581640625 0.1028125
5 0.403828125 0.44484375 0.0347265625 0.121328125
0 0.29125 0.414765625 0.0393359375 0.130078125
2 0.33078125 0.3959375 0.04484375 0.138359375
0 0.2521875 0.390859375 0.04390625 0.0823046875
2 0.65703125 0.6812109375 0.0355859375 0.166640625
0 0.2383984375 0.592109375 0.0347265625 0.0803515625
1 0.1998046875 0.56546875 0.049453125 0.1005859375