4 0.252421875 0.346328125 0.02140625 0.0942578125
4 0.2188671875 0.6582421875 0.03703125 0.1391015625
4 0.7611328125 0.64171875 0.0553125 0.1060546875
0 0.7546875 0.3701953125 0.060859375 0.068515625
0 0.722734375 0.4358984375 0.0475390625 0.0620703125
1 0.5552734375 0.46921875 0.0296484375 0.1240625
1 0.44703125 0.47953125 0.04390625 0.0960546875
0 0.323671875 0.4515234375 0.048046875 0.0748828125
0 0.2791015625 0.4285546875 0.0379296875 0.0657421875
1 0.423828125 0.6269921875 0.024140625 0.1133984375
1 0.493671875 0.62609375 0.03515625 0.129921875
5 0.5704296875 0.6196484375 0.0323828125 0.13546875