2 0.58765625 0.4857421875 0.0346875 0.1571484375
3 0.5111328125 0.4823046875 0.0333203125 0.1456640625
3 0.4798828125 0.487578125 0.0259765625 0.142421875
5 0.4266015625 0.472890625 0.048046875 0.13140625
0 0.2891796875 0.45703125 0.02140625 0.104296875
5 0.51046875 0.660078125 0.045703125 0.106015625
2 0.6271875 0.645625 0.021796875 0.1312890625
2 0.5970703125 0.67203125 0.0194921875 0.0968359375
2 0.56328125 0.6672265625 0.0135546875 0.0697265625
2 0.420390625 0.661015625 0.031015625 0.0894921875
2 0.399921875 0.6630859375 0.031484375 0.1073828125
0 0.353515625 0.6501953125 0.039765625 0.1000390625
0 0.2469140625 0.552578125 0.02875 0.07484375
0 0.6625390625 0.468046875 0.0282421875 0.089609375
0 0.708515625 0.43796875 0.0282421875 0.0799609375
1 0.75859375 0.56890625 0.0273046875 0.0569140625