0 0.2154296875 0.3083984375 0.025546875 0.1149609375
4 0.7726171875 0.2787890625 0.043359375 0.0897265625
4 0.798125 0.513984375 0.051171875 0.0712109375
4 0.189921875 0.553515625 0.061875 0.1318359375
2 0.5573046875 0.5883984375 0.0291796875 0.1648828125
1 0.518046875 0.59578125 0.01953125 0.1060546875
1 0.4178515625 0.380078125 0.0213671875 0.1296484375
3 0.47 0.40765625 0.02 0.129609375
3 0.51296875 0.38765625 0.0369921875 0.1401953125
1 0.5359375 0.38375 0.0278125 0.11859375
5 0.5938671875 0.402578125 0.03328125 0.1103125
2 0.6290234375 0.3770703125 0.02546875 0.1098828125
0 0.6751953125 0.5851953125 0.0397265625 0.094140625
0 0.618203125 0.5866015625 0.0360546875 0.1060546875
4 0.4022265625 0.5883984375 0.0452734375 0.128125