5 0.423125 0.3890234375 0.0365625 0.13375
5 0.6198046875 0.4469140625 0.0365234375 0.1355859375
2 0.3234375 0.6118359375 0.0301171875 0.1290234375
2 0.3863671875 0.648828125 0.0181640625 0.1432421875
5 0.42015625 0.660078125 0.016796875 0.17953125
0 0.6623046875 0.6630859375 0.0507421875 0.1073828125
3 0.5628515625 0.4384375 0.0218359375 0.1084765625
1 0.520546875 0.4287890625 0.0291796875 0.11671875
5 0.454375 0.4166015625 0.04390625 0.1153515625
2 0.361796875 0.4044140625 0.0195703125 0.113984375
2 0.2623046875 0.40234375 0.0457421875 0.114453125
0 0.222578125 0.3741015625 0.044375 0.0901171875