0 0.2632421875 0.411796875 0.02921875 0.0551953125
4 0.226484375 0.5673046875 0.0476171875 0.1042578125
4 0.75765625 0.388125 0.02546875 0.09515625
5 0.5963671875 0.482734375 0.0245703125 0.118984375
1 0.6028125 0.6134765625 0.037421875 0.100078125
3 0.5281640625 0.6056640625 0.0213671875 0.0752734375
3 0.5042578125 0.51125 0.0287109375 0.0840625
5 0.4061328125 0.4816015625 0.0301171875 0.1029296875
2 0.372578125 0.592109375 0.02734375 0.0803515625
5 0.4148828125 0.5893359375 0.02 0.1299609375
0 0.35328125 0.4788671875 0.04390625 0.097421875
0 0.311015625 0.461640625 0.032890625 0.0767578125