0 0.24578125 0.521796875 0.0310546875 0.1327734375
0 0.19796875 0.5250390625 0.0273828125 0.111640625
2 0.29609375 0.5319140625 0.026015625 0.1162109375
2 0.3282421875 0.5351171875 0.016796875 0.1318359375
5 0.4112109375 0.5245703125 0.01265625 0.156640625
3 0.4693359375 0.545 0.0140234375 0.1194140625
3 0.4930078125 0.564296875 0.01078125 0.12125
5 0.5584765625 0.5397265625 0.026875 0.141015625
2 0.58765625 0.5153515625 0.0162890625 0.13828125
0 0.6358984375 0.536953125 0.030078125 0.117109375
2 0.5628515625 0.7430078125 0.0401953125 0.1201953125
1 0.31078125 0.73265625 0.03703125 0.1408984375
0 0.2308203125 0.7234765625 0.0425390625 0.104140625
0 0.829375 0.53375 0.0769140625 0.1198828125