5 0.470234375 0.6899609375 0.0342578125 0.1381640625
1 0.4720703125 0.5312109375 0.01953125 0.1286328125
5 0.5816796875 0.5415625 0.0319140625 0.1814453125
2 0.4040625 0.5174609375 0.0305859375 0.1010546875
5 0.5665234375 0.7126953125 0.0291796875 0.1330859375
1 0.3284765625 0.68765625 0.0494140625 0.106015625
1 0.249921875 0.633671875 0.03015625 0.10375
0 0.2852734375 0.4976953125 0.0365625 0.089140625
2 0.37421875 0.5238671875 0.03515625 0.11390625
2 0.723671875 0.5225 0.0309765625 0.1203515625
0 0.7613671875 0.5091796875 0.0328125 0.08453125
0 0.6476171875 0.7078515625 0.0397265625 0.128046875
0 0.237734375 0.4791015625 0.02875 0.09328125