0 0.1880859375 0.4175 0.0398046875 0.1171875
0 0.244609375 0.4496875 0.033359375 0.1080078125
0 0.2857421875 0.468984375 0.0466796875 0.1098046875
5 0.392109375 0.4319921875 0.0434375 0.13234375
3 0.4683984375 0.4595703125 0.030546875 0.13234375
3 0.51046875 0.4464453125 0.02734375 0.1107421875
3 0.5701953125 0.449453125 0.0365234375 0.1305078125
2 0.6046484375 0.4542578125 0.022734375 0.1539453125
2 0.6540625 0.47609375 0.03421875 0.1286328125
0 0.70390625 0.472890625 0.037421875 0.13140625
0 0.735859375 0.4772265625 0.03234375 0.089609375
0 0.786171875 0.429921875 0.0456640625 0.114453125
4 0.7914453125 0.6003515625 0.0424609375 0.096875
4 0.20328125 0.584296875 0.0609375 0.0923046875
2 0.4222265625 0.6887890625 0.031015625 0.14046875
2 0.5708984375 0.6803125 0.0241015625 0.1648046875
2 0.6097265625 0.7096875 0.0236328125 0.1684765625
3 0.4966796875 0.6435546875 0.0365234375 0.1097265625
1 0.3912109375 0.656640625 0.0416015625 0.1312890625