0 0.2565625 0.4705859375 0.0434765625 0.080859375
0 0.3477734375 0.502734375 0.055859375 0.14515625
2 0.4366796875 0.5128515625 0.054453125 0.1469921875
2 0.513671875 0.4965234375 0.0291796875 0.1465625
3 0.575 0.5045703125 0.046171875 0.112109375
5 0.619140625 0.4855078125 0.0425 0.16125
2 0.6625390625 0.4894140625 0.0328515625 0.14609375
2 0.7208984375 0.48296875 0.030078125 0.096484375
0 0.7804296875 0.498359375 0.025 0.0951171875
0 0.8103125 0.4556640625 0.0571875 0.1107421875
0 0.8507421875 0.4437109375 0.0461328125 0.1236328125
4 0.7958203125 0.6316015625 0.060390625 0.0858203125
5 0.532734375 0.690625 0.053515625 0.144140625
1 0.4769140625 0.7151953125 0.047578125 0.142734375
1 0.3126171875 0.6901953125 0.063671875 0.097265625
0 0.2296875 0.6362109375 0.0862109375 0.1317578125