5 0.6175390625 0.5018359375 0.030078125 0.1066015625
0 0.6788671875 0.4827734375 0.0470703125 0.100625
1 0.5246875 0.5473046875 0.0282421875 0.11484375
0 0.43625 0.518359375 0.039765625 0.1212890625
0 0.4017578125 0.5087109375 0.0535546875 0.12953125
2 0.31171875 0.44921875 0.02046875 0.097890625
0 0.353515625 0.4781640625 0.02140625 0.0914453125
5 0.5931640625 0.6308984375 0.031015625 0.0908984375
4 0.786171875 0.5351171875 0.0456640625 0.09875
5 0.4268359375 0.634140625 0.0255078125 0.1505859375
5 0.40109375 0.6548046875 0.047578125 0.146015625