4 0.264140625 0.3049609375 0.0347265625 0.08140625
4 0.7457421875 0.314375 0.05671875 0.117734375
4 0.8031640625 0.55765625 0.052109375 0.1125390625
4 0.6832421875 0.6472265625 0.060390625 0.0619140625
2 0.6319921875 0.6626171875 0.045234375 0.0973046875
2 0.5924609375 0.692265625 0.0213671875 0.0784375
5 0.5162109375 0.6823828125 0.03421875 0.10921875
5 0.4483984375 0.7014453125 0.0227734375 0.1151953125
2 0.4063671875 0.6809765625 0.0259765625 0.1340234375
2 0.36109375 0.6446875 0.031953125 0.107421875
2 0.3128515625 0.638046875 0.0365625 0.0803125
2 0.2859765625 0.5773828125 0.0425390625 0.0876953125
4 0.2158984375 0.5241015625 0.0540234375 0.073046875
2 0.4371484375 0.4820703125 0.023203125 0.1681640625
1 0.52953125 0.5321484375 0.0516796875 0.148828125
0 0.63453125 0.4850390625 0.0365234375 0.1144140625
0 0.68390625 0.464140625 0.0480078125 0.08640625
0 0.3408984375 0.4469140625 0.02828125 0.0841015625
1 0.32296875 0.426484375 0.0383984375 0.0845703125
1 0.284609375 0.3830859375 0.0305859375 0.0575