5 0.2972265625 0.4583984375 0.0420703125 0.1346484375
5 0.400859375 0.4283203125 0.0333203125 0.1433984375
1 0.4371484375 0.4542578125 0.023203125 0.1539453125
1 0.5065625 0.4698828125 0.024140625 0.111640625
1 0.5775390625 0.44921875 0.014453125 0.1346484375
0 0.615234375 0.4678125 0.0162890625 0.1305078125
1 0.6669140625 0.4579296875 0.0231640625 0.1061328125
0 0.708046875 0.4765625 0.018125 0.120390625
4 0.727578125 0.602421875 0.0341796875 0.1148046875
4 0.1621484375 0.6403515625 0.0476171875 0.1124609375
1 0.41328125 0.6127734375 0.0305859375 0.1492578125
2 0.3551171875 0.6394140625 0.02921875 0.110625
2 0.3303125 0.6504296875 0.016328125 0.1326953125
1 0.521484375 0.6166796875 0.031015625 0.1340625