0 0.302734375 0.423046875 0.0209375 0.091484375
5 0.455078125 0.421171875 0.054453125 0.1245703125
3 0.529765625 0.4466796875 0.0337890625 0.125
3 0.5614453125 0.456796875 0.0328515625 0.1084375
5 0.6212109375 0.452890625 0.04203125 0.12359375
1 0.6609375 0.4820703125 0.0250390625 0.13140625
1 0.7641015625 0.475859375 0.0429296875 0.1144140625
5 0.4523046875 0.572578125 0.0489453125 0.1194140625
3 0.54953125 0.6086328125 0.02734375 0.1133984375
5 0.615234375 0.6246875 0.0392578125 0.1547265625
1 0.67265625 0.648359375 0.031015625 0.1184375
0 0.7296484375 0.6405859375 0.0383203125 0.0899609375
0 0.7769921875 0.6242578125 0.0319140625 0.0894921875
0 0.34546875 0.5780859375 0.0420703125 0.093671875
0 0.2937890625 0.5431640625 0.06828125 0.0753125