2 0.462890625 0.4930859375 0.0379296875 0.1534375
3 0.513671875 0.4701171875 0.04296875 0.1442578125
3 0.5725 0.4855078125 0.0319140625 0.1244921875
3 0.618203125 0.47953125 0.01765625 0.085
0 0.66828125 0.45703125 0.0351171875 0.0859375
0 0.7098828125 0.4317578125 0.04015625 0.0997265625
0 0.7560546875 0.4046484375 0.01765625 0.073125
0 0.2315234375 0.4703515625 0.03015625 0.085
0 0.201875 0.449453125 0.048984375 0.09375
0 0.19796875 0.5900390625 0.064140625 0.1175390625
5 0.509765625 0.656171875 0.039765625 0.1395703125
4 0.4488671875 0.6731640625 0.05125 0.1459765625