2 0.5040234375 0.5268359375 0.0328515625 0.133671875
2 0.5626171875 0.5162890625 0.0259375 0.176875
5 0.64625 0.5013671875 0.0277734375 0.1332421875
0 0.7606640625 0.498359375 0.045234375 0.1134765625
0 0.707109375 0.5096484375 0.0346484375 0.0946484375
4 0.78546875 0.649296875 0.021328125 0.07984375
4 0.25265625 0.6387109375 0.0540234375 0.1046484375
1 0.4883984375 0.701015625 0.0425 0.1784765625
0 0.3571875 0.683046875 0.047109375 0.0784375
1 0.46703125 0.6973046875 0.0369921875 0.097734375
1 0.482421875 0.5215625 0.035625 0.118515625
0 0.3484765625 0.5259375 0.0388671875 0.095078125
0 0.31171875 0.506875 0.0388671875 0.0523828125