5 0.3625 0.490078125 0.0623046875 0.2071875
0 0.2540234375 0.5670703125 0.02921875 0.09
0 0.303671875 0.5433984375 0.0181640625 0.13
1 0.697265625 0.5243359375 0.0470703125 0.1975390625
0 0.7448046875 0.5194921875 0.036484375 0.13734375
0 0.7909765625 0.5077734375 0.03234375 0.1276953125
4 0.8155859375 0.7283203125 0.0493359375 0.1643359375
4 0.2737890625 0.7425390625 0.0779296875 0.09171875
1 0.5081640625 0.5284765625 0.031953125 0.15984375
1 0.54171875 0.5045703125 0.0346875 0.1672265625
2 0.60375 0.5011328125 0.0208984375 0.1557421875
5 0.650390625 0.455625 0.045234375 0.2026171875
2 0.5380078125 0.698671875 0.02734375 0.128046875
0 0.6837109375 0.7273828125 0.03375 0.088984375