1 0.21796875 0.529609375 0.0351953125 0.102421875
5 0.3571875 0.56359375 0.047109375 0.1336328125
2 0.470234375 0.5861328125 0.0342578125 0.132734375
5 0.6000390625 0.5466015625 0.0503125 0.1272265625
0 0.7323828125 0.54984375 0.020859375 0.10609375
0 0.762265625 0.545234375 0.0346484375 0.0969140625
4 0.77765625 0.6435546875 0.051640625 0.091328125
0 0.2237109375 0.6309375 0.042109375 0.061484375
5 0.4026953125 0.694765625 0.0369921875 0.12484375
1 0.5959375 0.660078125 0.0328515625 0.08765625
5 0.5106640625 0.690859375 0.023203125 0.1032421875