1 0.2191015625 0.4940234375 0.032890625 0.081796875
1 0.518046875 0.5270703125 0.037890625 0.1846875
5 0.3829296875 0.5089453125 0.025078125 0.1621875
1 0.754921875 0.653203125 0.05671875 0.083046875
0 0.719296875 0.5482421875 0.0360546875 0.0615234375
0 0.77328125 0.544765625 0.05671875 0.0684375
1 0.6166015625 0.5362890625 0.046640625 0.12953125
2 0.40453125 0.695703125 0.0223046875 0.089921875
4 0.2273828125 0.62609375 0.0383984375 0.0821484375
5 0.4950390625 0.68671875 0.047109375 0.1041796875
1 0.571328125 0.549609375 0.015859375 0.110234375