3 0.5701953125 0.429453125 0.018125 0.14109375
3 0.5262890625 0.4432421875 0.0176953125 0.131875
5 0.4874609375 0.4140625 0.0365234375 0.160859375
5 0.43671875 0.4170703125 0.031484375 0.12546875
0 0.2976953125 0.3472265625 0.0337890625 0.0961328125
0 0.3321484375 0.3789453125 0.0383984375 0.1135546875
5 0.6593359375 0.4002734375 0.0309765625 0.13328125
4 0.824765625 0.5808203125 0.0383203125 0.1359375
4 0.2623046875 0.5580859375 0.0457421875 0.085859375
2 0.7101171875 0.406015625 0.0360546875 0.1034375
1 0.79765625 0.361015625 0.04109375 0.1053125
0 0.459921875 0.61875 0.0365234375 0.115234375
0 0.424765625 0.621953125 0.0259765625 0.0941015625
3 0.5469921875 0.5971484375 0.0130859375 0.1180078125
0 0.6012109375 0.618515625 0.029609375 0.119375
2 0.64671875 0.6040234375 0.0194921875 0.10421875
2 0.6795703125 0.61484375 0.0162890625 0.0936328125