3 0.43875 0.53421875 0.031015625 0.13
3 0.4798828125 0.572109375 0.0443359375 0.12765625
3 0.5113671875 0.571171875 0.0291796875 0.14421875
5 0.561015625 0.5596875 0.0365234375 0.1304296875
5 0.615234375 0.580390625 0.0346875 0.14421875
2 0.662109375 0.5617578125 0.018125 0.1116015625
0 0.7765234375 0.572109375 0.0355859375 0.109296875
3 0.50953125 0.711328125 0.0438671875 0.121171875
1 0.428671875 0.698671875 0.0291796875 0.1096875
1 0.218203125 0.6552734375 0.049453125 0.1009765625
1 0.2981640625 0.5594921875 0.025546875 0.1162109375
2 0.396484375 0.544765625 0.0347265625 0.10515625