0 0.2673828125 0.4198046875 0.02828125 0.1126171875
4 0.26875 0.57921875 0.040234375 0.109765625
3 0.4778125 0.4048828125 0.0264453125 0.1241015625
3 0.5325 0.4058203125 0.0346875 0.107578125
5 0.5858203125 0.3780078125 0.031015625 0.130078125
5 0.62234375 0.3780078125 0.0351171875 0.1484765625
0 0.673359375 0.3784765625 0.0360546875 0.1218359375
0 0.7181640625 0.4028125 0.0383203125 0.106171875
4 0.805 0.5964453125 0.05578125 0.11203125
5 0.6078515625 0.5939453125 0.038359375 0.12078125
2 0.5741015625 0.5739453125 0.0213671875 0.131328125
3 0.5148046875 0.576484375 0.022265625 0.1226171875
5 0.40796875 0.5930078125 0.0337890625 0.1189453125
1 0.4040625 0.4388671875 0.0305859375 0.1001953125