0 0.2901171875 0.4935546875 0.0232421875 0.1451953125
1 0.36203125 0.4556640625 0.0337890625 0.1107421875
2 0.4019921875 0.475859375 0.031015625 0.1327734375
2 0.4486328125 0.4850390625 0.0186328125 0.1327734375
3 0.5033203125 0.4852734375 0.026875 0.14703125
3 0.5306640625 0.4946875 0.031015625 0.16125
0 0.6271875 0.495625 0.0401953125 0.1630859375
0 0.72734375 0.715234375 0.05671875 0.1059765625
5 0.498046875 0.69546875 0.01171875 0.167578125
2 0.4383203125 0.6901953125 0.0209375 0.1340234375
2 0.3928125 0.67203125 0.0310546875 0.1115234375
1 0.3333203125 0.675234375 0.03609375 0.1271484375
1 0.275859375 0.6780078125 0.040703125 0.114296875