5 0.4603515625 0.461171875 0.02828125 0.158515625
3 0.4925390625 0.4816015625 0.0374609375 0.1396875
3 0.52515625 0.4708203125 0.02 0.150234375
5 0.5828125 0.4386328125 0.01125 0.1778515625
0 0.6593359375 0.437734375 0.0126171875 0.1392578125
4 0.7659375 0.5886328125 0.0419921875 0.123984375
4 0.338359375 0.4273828125 0.0186328125 0.1415625
2 0.4033984375 0.42484375 0.024609375 0.168671875
2 0.5030859375 0.6543359375 0.0126171875 0.1358984375
2 0.4139453125 0.657578125 0.0181640625 0.114765625
0 0.356953125 0.64171875 0.05125 0.1060546875
0 0.2935546875 0.5810546875 0.0347265625 0.1134375