5 0.3884375 0.5167578125 0.03609375 0.1318359375
0 0.60625 0.499765625 0.04890625 0.10703125
2 0.6765625 0.5001953125 0.03328125 0.1171484375
4 0.8041015625 0.6481640625 0.0539453125 0.0821484375
0 0.7962890625 0.5155859375 0.0475 0.11578125
4 0.1841796875 0.6619140625 0.0549609375 0.1280859375
4 0.193828125 0.441875 0.0283203125 0.1015625
2 0.376484375 0.699375 0.0305859375 0.1523828125
5 0.451640625 0.6582421875 0.038359375 0.1391015625
3 0.5178125 0.499296875 0.023671875 0.096953125
1 0.46359375 0.4965234375 0.04390625 0.1098046875
2 0.6087890625 0.6759375 0.021796875 0.0780078125
0 0.6862109375 0.68328125 0.0433984375 0.0926953125
5 0.55546875 0.653671875 0.0438671875 0.129921875