0 0.183515625 0.256953125 0.030625 0.103984375
0 0.3394921875 0.34078125 0.0347265625 0.1383984375
1 0.4410546875 0.3658203125 0.0301171875 0.154453125
0 0.5504296875 0.3901953125 0.0245703125 0.14984375
5 0.59890625 0.3587109375 0.0158203125 0.12828125
5 0.6834765625 0.3853515625 0.037890625 0.108046875
5 0.734921875 0.35296875 0.0305078125 0.139765625
5 0.78109375 0.344921875 0.0263671875 0.1374609375
0 0.8158203125 0.5194921875 0.0451953125 0.118984375
2 0.7484765625 0.5433984375 0.02546875 0.0932421875
2 0.6547265625 0.55765625 0.021796875 0.094140625
2 0.5846484375 0.5796875 0.014921875 0.11984375
3 0.508828125 0.39453125 0.01953125 0.108046875
5 0.4084375 0.5629296875 0.04390625 0.101953125
4 0.206015625 0.460703125 0.0480859375 0.074921875