5 0.4040625 0.4305859375 0.0305859375 0.175546875
5 0.5697265625 0.43703125 0.02640625 0.13328125
5 0.6048828125 0.4276171875 0.01859375 0.137421875
0 0.673125 0.426015625 0.021796875 0.14796875
0 0.7172265625 0.4131640625 0.036484375 0.1038671875
4 0.762734375 0.394765625 0.0263671875 0.122265625
4 0.773984375 0.5666015625 0.044296875 0.0798828125
4 0.2184375 0.503203125 0.0453125 0.10015625
0 0.3137890625 0.423046875 0.0383984375 0.1282421875
5 0.3615625 0.41359375 0.0420703125 0.1507421875
5 0.6041796875 0.6196484375 0.031015625 0.0987109375
5 0.52609375 0.63390625 0.0401953125 0.099609375
2 0.370078125 0.6178125 0.0176953125 0.1133984375
2 0.32296875 0.59140625 0.02 0.074375
3 0.47921875 0.4512890625 0.02 0.1341796875
3 0.5150390625 0.46046875 0.0365234375 0.1341796875