4 0.222109375 0.2884375 0.05265625 0.1071875
4 0.739296875 0.2905078125 0.043828125 0.088359375
4 0.77859375 0.5429296875 0.0534765625 0.1198828125
0 0.7301171875 0.42328125 0.043828125 0.0689453125
0 0.6795703125 0.425546875 0.0162890625 0.1011328125
1 0.6402734375 0.4349609375 0.0250390625 0.0969921875
2 0.60765625 0.4515234375 0.0241015625 0.1300390625
2 0.5701953125 0.43359375 0.018125 0.1033984375
1 0.5233203125 0.475390625 0.016328125 0.104296875
1 0.47140625 0.487109375 0.031953125 0.1139453125
5 0.431875 0.4747265625 0.0264453125 0.135078125
5 0.39671875 0.4349609375 0.015859375 0.13375
1 0.284375 0.4510546875 0.0347265625 0.1383203125
5 0.2363671875 0.4278515625 0.0351953125 0.0965234375
4 0.186015625 0.5473046875 0.0402734375 0.11484375
1 0.2864453125 0.6065625 0.0342578125 0.1322265625
2 0.373515625 0.64421875 0.02921875 0.1156640625
2 0.4075390625 0.65640625 0.023671875 0.1721875
2 0.666015625 0.5847265625 0.0397265625 0.139140625