4 0.284140625 0.606796875 0.0388671875 0.0913671875
4 0.2744921875 0.5167578125 0.0471484375 0.095078125
0 0.708984375 0.4496875 0.0383203125 0.07125
2 0.6446484375 0.6269921875 0.0199609375 0.1133984375
2 0.5848828125 0.64171875 0.0291796875 0.1060546875
2 0.5272265625 0.61046875 0.01953125 0.1170703125
3 0.489296875 0.4395703125 0.0218359375 0.1429296875
3 0.5242578125 0.4744921875 0.0181640625 0.13921875
1 0.4344140625 0.4542578125 0.03609375 0.135546875
0 0.3760546875 0.45796875 0.02046875 0.0877734375
0 0.3294140625 0.461875 0.032890625 0.0726171875