5 0.425 0.4055859375 0.040234375 0.1484375
5 0.357421875 0.4140625 0.024609375 0.1241015625
5 0.327578125 0.3862890625 0.02921875 0.1098828125
5 0.271484375 0.3784765625 0.0457421875 0.085078125
4 0.2395703125 0.275546875 0.032421875 0.0814453125
4 0.7755859375 0.253984375 0.052109375 0.1026171875
4 0.8151171875 0.5856640625 0.03921875 0.1226171875
0 0.7089453125 0.6490625 0.05671875 0.1207421875
0 0.6549609375 0.6534375 0.0544140625 0.1156640625
2 0.61546875 0.661015625 0.030546875 0.12625
1 0.4307421875 0.665625 0.032421875 0.13171875
2 0.41671875 0.6543359375 0.023671875 0.1175
2 0.3790234375 0.6821484375 0.040234375 0.113359375
2 0.33515625 0.6743359375 0.02140625 0.0885546875
0 0.271484375 0.642421875 0.0457421875 0.0752734375
0 0.214765625 0.6327734375 0.03796875 0.06515625