1 0.707578125 0.3630859375 0.02640625 0.0864453125
1 0.653828125 0.3587109375 0.04203125 0.1760546875
5 0.607890625 0.351796875 0.0199609375 0.1604296875
3 0.52859375 0.3513671875 0.04984375 0.1135546875
1 0.463359375 0.3279296875 0.0333203125 0.1200390625
5 0.4176171875 0.3465234375 0.0255078125 0.108515625
0 0.382265625 0.3465234375 0.0191015625 0.09015625
4 0.7962890625 0.56453125 0.0475 0.09875
2 0.6271875 0.652734375 0.029140625 0.1170703125
3 0.5316015625 0.609765625 0.0328515625 0.11109375
4 0.482421875 0.60359375 0.035625 0.1125
2 0.3873046875 0.602890625 0.02 0.1065234375
2 0.338359375 0.5884375 0.0186328125 0.1097265625
1 0.2673828125 0.6118359375 0.0466796875 0.1106640625