0 0.2976953125 0.50984375 0.0337890625 0.145625
0 0.2623046875 0.5371875 0.0273828125 0.1130078125
1 0.42796875 0.54109375 0.023203125 0.0978125
1 0.5915625 0.53375 0.01953125 0.083125
1 0.65703125 0.56796875 0.0355859375 0.110234375
1 0.68875 0.5773828125 0.0162890625 0.0876953125
0 0.7416015625 0.546171875 0.0392578125 0.09875
0 0.6979296875 0.710390625 0.0346484375 0.1009375
1 0.5536328125 0.70328125 0.0255078125 0.1335546875
3 0.5005859375 0.5323828125 0.039765625 0.1079296875
1 0.475078125 0.7115625 0.0208984375 0.0986328125
2 0.3873046875 0.7014453125 0.02 0.096796875
1 0.299765625 0.695 0.033359375 0.120703125