4 0.283671875 0.3697265625 0.02875 0.1135546875
2 0.37765625 0.468046875 0.02828125 0.10796875
5 0.4525390625 0.4926171875 0.0218359375 0.143359375
5 0.5021875 0.4965234375 0.0291796875 0.1465625
1 0.544453125 0.502265625 0.0218359375 0.1534375
5 0.5973046875 0.4698828125 0.02640625 0.111640625
0 0.6703515625 0.4662109375 0.0346484375 0.1410546875
0 0.7528515625 0.5739453125 0.020390625 0.094609375
1 0.61546875 0.6389453125 0.030546875 0.137265625
0 0.5426171875 0.6658203125 0.018125 0.1496484375
1 0.4644921875 0.6628515625 0.02734375 0.14828125
2 0.39671875 0.6501953125 0.015859375 0.1184375