1 0.88265625 0.5737109375 0.036484375 0.0619921875
1 0.7771875 0.591171875 0.0415234375 0.078515625
2 0.6271875 0.654375 0.021796875 0.0440234375
2 0.60328125 0.6715625 0.0475390625 0.083046875
2 0.567421875 0.6904296875 0.049375 0.093125
2 0.506328125 0.6759375 0.0282421875 0.0963671875
2 0.4029296875 0.6748046875 0.0144921875 0.0802734375
1 0.3142578125 0.669296875 0.025 0.106015625
0 0.1373046875 0.4473828125 0.034765625 0.112578125
1 0.3790234375 0.4818359375 0.040234375 0.15390625
0 0.148359375 0.62171875 0.056796875 0.0982421875
0 0.069765625 0.576015625 0.0375390625 0.0757421875
5 0.3401953125 0.4781640625 0.040703125 0.1649609375
1 0.264609375 0.479296875 0.0227734375 0.1258984375
0 0.2090234375 0.476796875 0.0310546875 0.0978515625
0 0.07875 0.423046875 0.02328125 0.0730859375
0 0.8505078125 0.395 0.0640625 0.099765625