0 0.2818359375 0.31 0.0434765625 0.1227734375
0 0.3562890625 0.3584765625 0.0269140625 0.1323828125
5 0.458984375 0.383515625 0.0346875 0.1594921875
5 0.52859375 0.379375 0.031484375 0.1604296875
2 0.5701953125 0.3743359375 0.018125 0.19625
0 0.6485546875 0.3697265625 0.0231640625 0.1135546875
0 0.6905859375 0.329296875 0.0199609375 0.10625
5 0.4918359375 0.5817578125 0.031484375 0.1561328125
1 0.4727734375 0.5858984375 0.04390625 0.1001171875
1 0.58765625 0.582890625 0.0346875 0.1538671875
5 0.5421484375 0.5707421875 0.02640625 0.1341015625
1 0.425 0.55625 0.040234375 0.13734375
0 0.2751953125 0.4891796875 0.0347265625 0.0951171875