4 0.2678125 0.49171875 0.0383984375 0.0863671875
4 0.74390625 0.4634765625 0.053046875 0.0987890625
4 0.774921875 0.7296875 0.0461328125 0.084375
4 0.2466796875 0.7471484375 0.0512890625 0.0825390625
3 0.5237890625 0.7669140625 0.02640625 0.1128515625
1 0.4989453125 0.6201171875 0.031953125 0.145546875
2 0.4617578125 0.614609375 0.0218359375 0.0977734375
2 0.374453125 0.5707421875 0.0310546875 0.09734375
2 0.3335546875 0.6012890625 0.031953125 0.0803515625
1 0.296328125 0.5866015625 0.040234375 0.0693359375
0 0.7218359375 0.61140625 0.0273046875 0.0637890625
2 0.6366015625 0.598515625 0.01765625 0.093203125
0 0.353984375 0.7505859375 0.013125 0.13078125