5 0.493671875 0.394765625 0.03515625 0.1773828125
5 0.6097265625 0.4151953125 0.0236328125 0.1769140625
1 0.6908203125 0.452421875 0.0415625 0.113515625
1 0.78984375 0.4395703125 0.01625 0.1429296875
5 0.610390625 0.58453125 0.029609375 0.124921875
1 0.5083984375 0.5858984375 0.0278125 0.17359375
0 0.452109375 0.59140625 0.01171875 0.1294921875
4 0.2308203125 0.568671875 0.0425390625 0.1345703125
0 0.22578125 0.411328125 0.041640625 0.11859375
1 0.287109375 0.410390625 0.040234375 0.098359375
2 0.37671875 0.4296875 0.0264453125 0.1185546875
1 0.4405859375 0.4273828125 0.0346875 0.1231640625