0 0.0720703125 0.3982421875 0.0512890625 0.0969921875
2 0.4891015625 0.4705859375 0.0259765625 0.154375
0 0.5748046875 0.4326953125 0.02734375 0.1199609375
0 0.6634765625 0.4271484375 0.0484375 0.1089453125
0 0.750078125 0.41546875 0.03328125 0.0808984375
0 0.8070703125 0.403515625 0.0553125 0.075390625
0 0.8851953125 0.3706640625 0.0461328125 0.0786328125
0 0.8937109375 0.5323828125 0.058515625 0.0528125
0 0.72390625 0.5976171875 0.045234375 0.0913671875
0 0.6632421875 0.6389453125 0.03421875 0.1005078125
0 0.5725 0.6242578125 0.0319140625 0.107890625
1 0.53 0.441640625 0.0250390625 0.1240625
1 0.3523828125 0.4476171875 0.0420703125 0.1084375
0 0.284609375 0.4133984375 0.0305859375 0.0813671875
0 0.221875 0.437734375 0.0383984375 0.1025
0 0.2620703125 0.6159765625 0.0315234375 0.07296875
1 0.3321484375 0.6205859375 0.0383984375 0.11890625
1 0.1603125 0.6010546875 0.0439453125 0.06609375
1 0.4527734375 0.4593359375 0.03609375 0.151171875