1 0.65359375 0.5898046875 0.0241015625 0.140078125
1 0.6119921875 0.5826953125 0.0190625 0.12125
3 0.517109375 0.5884375 0.0360546875 0.0913671875
3 0.4874609375 0.5856640625 0.0181640625 0.10421875
1 0.6609375 0.7200390625 0.0204296875 0.09265625
2 0.529765625 0.73359375 0.0291796875 0.1243359375
1 0.389375 0.5905078125 0.0379296875 0.0908984375
1 0.3404296875 0.606796875 0.0365625 0.0913671875
0 0.310546875 0.71546875 0.0227734375 0.1018359375
0 0.296328125 0.598515625 0.021875 0.0748046875
0 0.2283203125 0.61484375 0.0512890625 0.0936328125
2 0.5030859375 0.7253125 0.0126171875 0.1262109375
0 0.7365234375 0.609765625 0.0383203125 0.11109375
4 0.758359375 0.7078515625 0.0498046875 0.0912890625