0 0.199375 0.3396484375 0.0393359375 0.1039453125
2 0.413046875 0.491484375 0.016328125 0.1640234375
2 0.443828125 0.5114453125 0.031953125 0.1534375
3 0.4812890625 0.5314453125 0.01953125 0.16125
3 0.517578125 0.5387890625 0.0278125 0.1391796875
5 0.5621484375 0.5045703125 0.03421875 0.1855859375
1 0.6375 0.50296875 0.037890625 0.12265625
0 0.70484375 0.4583984375 0.0392578125 0.11625
0 0.7530859375 0.434296875 0.053046875 0.109375
0 0.7825 0.342421875 0.0383203125 0.0726953125
1 0.800390625 0.5895703125 0.0466015625 0.1074609375
1 0.6832421875 0.683984375 0.0236328125 0.11703125
1 0.4258984375 0.7154296875 0.0420703125 0.120234375
4 0.3748828125 0.6814453125 0.0411328125 0.1073828125
4 0.2430078125 0.6658203125 0.0439453125 0.09453125