0 0.158671875 0.364921875 0.017734375 0.108515625
0 0.2423046875 0.434296875 0.0195703125 0.1277734375
2 0.29953125 0.449453125 0.0191015625 0.1305078125
5 0.36890625 0.4765625 0.02 0.13875
3 0.4015625 0.5351171875 0.0209375 0.1501953125
1 0.456015625 0.54890625 0.0333203125 0.141015625
1 0.5003515625 0.5512109375 0.0255078125 0.1548046875
5 0.5472265625 0.505703125 0.02734375 0.1465625
2 0.58671875 0.47265625 0.014453125 0.1171875
2 0.6237109375 0.4361328125 0.0287109375 0.113046875
0 0.723203125 0.39984375 0.020859375 0.1048046875
0 0.76296875 0.367890625 0.0222265625 0.0915234375
4 0.7997265625 0.511015625 0.040625 0.1065625
0 0.256796875 0.661015625 0.0347265625 0.07109375
0 0.1926953125 0.609765625 0.030625 0.11109375
0 0.156171875 0.553515625 0.04484375 0.095078125
1 0.372578125 0.690625 0.02734375 0.1257421875
2 0.64140625 0.6591796875 0.04109375 0.0858203125
2 0.5573046875 0.7009765625 0.0291796875 0.08671875