1 0.4675 0.4813671875 0.0287109375 0.1621875
1 0.3870703125 0.48828125 0.024140625 0.111640625
0 0.3438671875 0.4551953125 0.048046875 0.1373828125
4 0.275390625 0.3125390625 0.0305859375 0.0773046875
4 0.24828125 0.663515625 0.040703125 0.1175
4 0.7845703125 0.667421875 0.05625 0.120703125
4 0.766875 0.368828125 0.043828125 0.130078125
4 0.6951953125 0.4653125 0.029140625 0.1024609375
4 0.595 0.4928515625 0.031015625 0.13921875
3 0.532265625 0.499765625 0.0204296875 0.10703125
5 0.4998828125 0.6548046875 0.0337890625 0.1276171875
4 0.46265625 0.68421875 0.0420703125 0.1496484375
4 0.6273828125 0.6966015625 0.0360546875 0.128515625
0 0.3677734375 0.690625 0.040703125 0.1257421875
1 0.4240625 0.67109375 0.0383984375 0.1280859375