0 0.23703125 0.4053515625 0.041171875 0.0790625
0 0.2742578125 0.46390625 0.032890625 0.0721484375
2 0.389140625 0.47171875 0.023671875 0.1520703125
5 0.5941015625 0.4976953125 0.0291796875 0.1442578125
3 0.5421484375 0.530546875 0.02640625 0.12265625
3 0.51296875 0.5314453125 0.0369921875 0.1244921875
3 0.47921875 0.5077734375 0.038359375 0.14609375
2 0.4396875 0.4933203125 0.0328515625 0.1309375
4 0.1892578125 0.6237890625 0.0375 0.116171875
0 0.76640625 0.4813671875 0.0300390625 0.12546875
0 0.7190625 0.5162890625 0.04015625 0.085
2 0.5005859375 0.6541015625 0.0213671875 0.121640625