0 0.2053125 0.37890625 0.0237109375 0.1319140625
5 0.351015625 0.441171875 0.0301171875 0.113984375
5 0.435546875 0.4967578125 0.0337890625 0.1791796875
3 0.4798828125 0.497890625 0.0259765625 0.158515625
3 0.57203125 0.4878125 0.0255078125 0.149296875
2 0.6248828125 0.4705859375 0.02640625 0.1727734375
2 0.692890625 0.4703515625 0.0153515625 0.085
0 0.742734375 0.4733203125 0.0185546875 0.104765625
0 0.789609375 0.4351953125 0.020390625 0.0928515625
0 0.8063671875 0.58015625 0.0493359375 0.093203125
2 0.595234375 0.70328125 0.026875 0.1188671875
2 0.630859375 0.7083203125 0.029140625 0.119765625
3 0.5318359375 0.683515625 0.0287109375 0.1069140625
2 0.4180859375 0.7253125 0.035625 0.1078125
5 0.37375 0.6665234375 0.0434375 0.1005078125
4 0.1887890625 0.59234375 0.0825390625 0.11296875