0 0.14765625 0.3378125 0.0324609375 0.1186328125
4 0.1375390625 0.5507421875 0.0490234375 0.111640625
0 0.770546875 0.3743359375 0.0512109375 0.0859765625
1 0.3128515625 0.6933984375 0.0181640625 0.1312890625
3 0.494375 0.55234375 0.0448046875 0.134140625
3 0.4449609375 0.5241015625 0.0296484375 0.18328125
5 0.4031640625 0.4967578125 0.02875 0.142421875
5 0.311953125 0.4662109375 0.0347265625 0.1226953125
2 0.5855859375 0.460234375 0.03515625 0.1383203125
2 0.6517578125 0.4427734375 0.0387890625 0.121796875
0 0.7641015625 0.5737109375 0.05671875 0.117109375
2 0.6409375 0.6655859375 0.049375 0.098671875
2 0.556640625 0.72234375 0.023203125 0.0880859375
2 0.5187109375 0.7234765625 0.0438671875 0.1225390625
5 0.4451953125 0.7365625 0.0255078125 0.1257421875
2 0.34640625 0.6890234375 0.0209375 0.0995703125
2 0.2283203125 0.4248828125 0.032890625 0.0767578125