0 0.2012109375 0.6051953125 0.0246484375 0.1019140625
1 0.302734375 0.6051953125 0.0347265625 0.116640625
1 0.4268359375 0.5201953125 0.04390625 0.1249609375
3 0.4727734375 0.5399609375 0.0255078125 0.118515625
3 0.5074609375 0.5211328125 0.0259765625 0.126796875
5 0.5426171875 0.5043359375 0.0218359375 0.149296875
5 0.579375 0.549140625 0.0365234375 0.1001171875
0 0.7367578125 0.5739453125 0.0305078125 0.101953125
5 0.5428515625 0.699609375 0.05078125 0.14828125
2 0.4886328125 0.7271484375 0.03421875 0.093125
4 0.7907421875 0.7510546875 0.0548828125 0.0673828125