2 0.4075390625 0.3389453125 0.023671875 0.208203125
5 0.43875 0.3398828125 0.01265625 0.1916796875
3 0.4801171875 0.349296875 0.0218359375 0.15078125
3 0.5040234375 0.345859375 0.0328515625 0.139296875
3 0.541484375 0.3548046875 0.0204296875 0.1434375
1 0.5729296875 0.3323046875 0.04203125 0.144375
1 0.3838671875 0.34125 0.0452734375 0.185234375
0 0.25609375 0.3389453125 0.0471484375 0.1530859375
0 0.2087890625 0.3334375 0.0351953125 0.086953125
5 0.4178515625 0.60609375 0.039765625 0.15890625
3 0.501484375 0.58796875 0.023203125 0.1180078125
3 0.5389453125 0.6283984375 0.007578125 0.162109375
5 0.5803125 0.598984375 0.038359375 0.1216796875
1 0.619140625 0.567734375 0.037890625 0.132734375
1 0.714921875 0.5902734375 0.04109375 0.131796875