0 0.3121484375 0.4400390625 0.0351953125 0.07953125
1 0.389609375 0.4735546875 0.02 0.1557421875
1 0.4456640625 0.4471484375 0.040234375 0.1534765625
3 0.506328125 0.4324609375 0.0328515625 0.1241015625
3 0.541484375 0.42671875 0.0250390625 0.1171875
5 0.583984375 0.3973046875 0.0319140625 0.1503125
5 0.6512890625 0.3855859375 0.0516796875 0.1590234375
0 0.6944921875 0.4175 0.0277734375 0.1355859375
0 0.731484375 0.4009765625 0.0236328125 0.1025
4 0.755390625 0.537890625 0.0346484375 0.118984375
5 0.600078125 0.563828125 0.0365234375 0.1111328125
5 0.5614453125 0.582890625 0.0328515625 0.117109375
1 0.428671875 0.588203125 0.0521484375 0.1138671875
1 0.641640625 0.55578125 0.023203125 0.1272265625