5 0.2776953125 0.529609375 0.026015625 0.0840625
1 0.3218359375 0.54109375 0.040703125 0.0978125
5 0.4017578125 0.5397265625 0.03515625 0.12265625
3 0.4683984375 0.552578125 0.030546875 0.1116015625
3 0.4991796875 0.537890625 0.02734375 0.13734375
5 0.528828125 0.5404296875 0.02734375 0.110234375
2 0.6244140625 0.5211328125 0.0346875 0.0900390625
1 0.6751953125 0.4781640625 0.0397265625 0.0914453125
1 0.6140625 0.6662890625 0.036953125 0.1046484375
5 0.423359375 0.6768359375 0.032421875 0.1349609375
4 0.2705859375 0.6929296875 0.04390625 0.0844140625