1 0.3098828125 0.3715625 0.0535546875 0.0988671875
0 0.20578125 0.379140625 0.0521875 0.0910546875
1 0.5460546875 0.4110546875 0.0296484375 0.214609375
2 0.5729296875 0.4028125 0.023671875 0.161328125
1 0.691484375 0.4076171875 0.0401953125 0.122265625
4 0.80453125 0.51421875 0.0456640625 0.0854296875
5 0.556875 0.61875 0.0558203125 0.1336328125
1 0.35375 0.63390625 0.035625 0.11796875
4 0.1775390625 0.595078125 0.04625 0.100078125
1 0.4396875 0.614609375 0.05125 0.1529296875
5 0.42796875 0.414765625 0.0416015625 0.130078125