1 0.264375 0.4361328125 0.0453125 0.0762890625
5 0.4383203125 0.4551953125 0.039296875 0.1373828125
2 0.5892578125 0.4634375 0.0241015625 0.135546875
2 0.6351953125 0.4634375 0.0241015625 0.1723046875
0 0.6951953125 0.4689453125 0.029140625 0.1649609375
0 0.7342578125 0.5130859375 0.02453125 0.1428515625
0 0.7726171875 0.495859375 0.013984375 0.08546875
0 0.7953515625 0.5498046875 0.0456640625 0.095078125
1 0.7133203125 0.665390625 0.03328125 0.1028125
5 0.6214453125 0.664453125 0.03328125 0.1193359375
5 0.4486328125 0.6274609375 0.0369921875 0.141875
4 0.5430859375 0.6398828125 0.0282421875 0.1207421875
0 0.346875 0.452421875 0.0310546875 0.0951171875
3 0.5086328125 0.4515234375 0.023671875 0.1300390625
3 0.540546875 0.4655078125 0.0369921875 0.11671875