0 0.2737890625 0.5287109375 0.0227734375 0.0822265625
4 0.2466796875 0.6426171875 0.0512890625 0.107890625
0 0.7245703125 0.5250390625 0.0328125 0.111640625
1 0.7218359375 0.688125 0.045703125 0.1161328125
1 0.62671875 0.6984375 0.030078125 0.0954296875
2 0.5221875 0.6821484375 0.01859375 0.13171875
3 0.508828125 0.5553515625 0.01953125 0.09875
3 0.4957421875 0.5431640625 0.0346875 0.134140625
2 0.572734375 0.5277734375 0.0277734375 0.1355078125
5 0.6271875 0.5241015625 0.021796875 0.1281640625
5 0.4525390625 0.5355859375 0.05859375 0.1235546875
5 0.3944140625 0.522265625 0.038828125 0.1428515625