5 0.576171875 0.5001953125 0.0208984375 0.135546875
0 0.233125 0.603359375 0.03796875 0.061484375
5 0.5694921875 0.6809765625 0.030546875 0.1156640625
3 0.505390625 0.5316796875 0.02640625 0.1203515625
1 0.5504296875 0.5094140625 0.0245703125 0.1355078125
1 0.66484375 0.498359375 0.0052734375 0.0951171875
1 0.700234375 0.5043359375 0.030078125 0.0794921875
0 0.77328125 0.48390625 0.0199609375 0.135078125
0 0.4415234375 0.506640625 0.0365234375 0.111640625
4 0.7767578125 0.63296875 0.0314453125 0.1161328125
0 0.298828125 0.464609375 0.0315234375 0.096484375
1 0.24578125 0.4388671875 0.0347265625 0.0928515625