0 0.7971875 0.422109375 0.0419921875 0.1190234375
0 0.825703125 0.552578125 0.0328125 0.07484375
1 0.65796875 0.6469921875 0.0190625 0.1395703125
5 0.482890625 0.4184375 0.02734375 0.137421875
1 0.5741015625 0.4312890625 0.0213671875 0.163125
3 0.60375 0.4469140625 0.0208984375 0.1612890625
5 0.668515625 0.4400390625 0.0346484375 0.1309765625
5 0.6329296875 0.449453125 0.0287109375 0.1121484375
0 0.4344140625 0.6132421875 0.0176953125 0.122578125
1 0.3137890625 0.5238671875 0.0383984375 0.095546875
4 0.4063671875 0.406484375 0.044375 0.1502734375
0 0.31078125 0.369296875 0.0259765625 0.085078125
2 0.4771484375 0.6198828125 0.02046875 0.1129296875