4 0.2586328125 0.526640625 0.0383984375 0.0826953125
4 0.2510546875 0.751953125 0.0462109375 0.1059765625
0 0.8116796875 0.563828125 0.0461328125 0.074375
1 0.6703515625 0.5953125 0.0346484375 0.0959765625
1 0.5858203125 0.56015625 0.031015625 0.1221484375
3 0.53203125 0.5541796875 0.0245703125 0.1010546875
3 0.50515625 0.55765625 0.0489453125 0.1125390625
2 0.4396875 0.560390625 0.05125 0.118046875
2 0.39625 0.55234375 0.024140625 0.0973828125
0 0.33515625 0.595546875 0.039765625 0.0918359375
5 0.62671875 0.741875 0.030078125 0.1225
3 0.498515625 0.7092578125 0.0218359375 0.1216015625
1 0.3987890625 0.7349609375 0.0154296875 0.1362890625