1 0.2586328125 0.5390234375 0.0383984375 0.171796875
5 0.3787890625 0.491484375 0.044375 0.12359375
2 0.502421875 0.5211328125 0.0434375 0.1083984375
4 0.559609375 0.5094140625 0.0245703125 0.1355078125
0 0.6905859375 0.503203125 0.0383203125 0.10015625
1 0.432578125 0.687421875 0.032421875 0.11015625
1 0.273359375 0.6667578125 0.0310546875 0.0780078125
5 0.365234375 0.68671875 0.0310546875 0.1225390625
2 0.53734375 0.6892578125 0.0397265625 0.113828125
2 0.598203125 0.6812109375 0.0282421875 0.1115234375
0 0.653359375 0.688359375 0.0466015625 0.09359375
0 0.707109375 0.648828125 0.053046875 0.088125