0 0.1855859375 0.221328125 0.0669140625 0.120078125
0 0.2439453125 0.325859375 0.0273828125 0.094765625
0 0.288515625 0.34078125 0.033828125 0.1383984375
2 0.3355859375 0.367421875 0.0315234375 0.17328125
2 0.382265625 0.3440234375 0.0374609375 0.153984375
3 0.4539453125 0.387890625 0.015390625 0.1728125
3 0.513203125 0.41109375 0.014453125 0.122734375
1 0.5591796875 0.3926953125 0.014453125 0.14109375
2 0.650625 0.36078125 0.022734375 0.146171875
0 0.688515625 0.3594140625 0.0204296875 0.13421875
0 0.7530859375 0.344921875 0.053046875 0.1191015625
0 0.7921484375 0.5172265625 0.0300390625 0.1051953125
4 0.5616796875 0.59578125 0.060859375 0.0876953125
4 0.428203125 0.636171875 0.055859375 0.1869140625
0 0.29078125 0.6003515625 0.0659765625 0.096875
0 0.2209375 0.5238671875 0.0549609375 0.0771484375