5 0.404296875 0.4156640625 0.0448046875 0.1319140625
3 0.501484375 0.4361328125 0.023203125 0.1498046875
3 0.5348046875 0.46140625 0.030078125 0.136015625
5 0.5731640625 0.429921875 0.037890625 0.1328125
1 0.625546875 0.451953125 0.0323828125 0.158515625
0 0.7404296875 0.4703515625 0.0231640625 0.14015625
0 0.7636328125 0.6091015625 0.0466015625 0.10515625
0 0.7108203125 0.6635546875 0.0419921875 0.099140625
1 0.673125 0.6545703125 0.0401953125 0.113359375
2 0.575703125 0.6208203125 0.0291796875 0.1331640625
5 0.4263671875 0.6008203125 0.0337890625 0.162109375
4 0.2510546875 0.4228125 0.0278515625 0.113984375
0 0.2947265625 0.4427734375 0.032421875 0.1033984375