5 0.4268359375 0.5121484375 0.0255078125 0.141015625
0 0.268984375 0.5425 0.03609375 0.09140625
1 0.2375 0.5415625 0.032890625 0.126328125
0 0.2703515625 0.6674609375 0.0296875 0.083984375
1 0.4378515625 0.701875 0.0291796875 0.143671875
3 0.4998828125 0.70234375 0.015390625 0.11703125
1 0.5646875 0.7124609375 0.0255078125 0.1188671875
0 0.7018359375 0.691328125 0.0194921875 0.113359375
0 0.64671875 0.529609375 0.0194921875 0.1208203125
0 0.708984375 0.5360546875 0.0383203125 0.0969140625
1 0.5933984375 0.552109375 0.0415625 0.101484375
1 0.5223828125 0.55375 0.05125 0.109296875
3 0.486796875 0.53375 0.0121875 0.083125