0 0.2944921875 0.3848828125 0.0365625 0.1162890625
5 0.4498046875 0.4361328125 0.0530859375 0.1314453125
3 0.493671875 0.4565625 0.03515625 0.1309765625
3 0.5462890625 0.45703125 0.0255078125 0.159453125
5 0.592265625 0.4361328125 0.02546875 0.168203125
5 0.648984375 0.430390625 0.0516796875 0.12453125
0 0.715625 0.42921875 0.028671875 0.1084765625
1 0.754921875 0.390390625 0.0383203125 0.12734375
0 0.8075390625 0.507578125 0.04703125 0.07671875
0 0.3625 0.6242578125 0.04390625 0.0894921875
2 0.4451953125 0.6430859375 0.0255078125 0.1363671875
2 0.32203125 0.5684375 0.0365625 0.1203125