0 0.22140625 0.3348046875 0.032890625 0.117265625
0 0.271953125 0.360078125 0.0420703125 0.1034375
2 0.369140625 0.3743359375 0.02046875 0.104375
2 0.405234375 0.363984375 0.0144921875 0.1066796875
2 0.439453125 0.3660546875 0.023203125 0.1245703125
3 0.5081640625 0.3848828125 0.0365234375 0.1346875
3 0.5534375 0.3770703125 0.030546875 0.1098828125
3 0.5973046875 0.3672265625 0.031015625 0.1406640625
2 0.652890625 0.3559375 0.04109375 0.1411328125
2 0.7213671875 0.359609375 0.021796875 0.1301171875
0 0.7638671875 0.363984375 0.028671875 0.08828125
1 0.8185546875 0.3430859375 0.036953125 0.078671875
1 0.4649609375 0.5319140625 0.0420703125 0.1162109375
5 0.59546875 0.5096484375 0.045703125 0.1130078125
1 0.3762890625 0.5169921875 0.039296875 0.1093359375
1 0.3089453125 0.5250390625 0.056328125 0.0932421875
0 0.2556640625 0.4742578125 0.0416015625 0.1066015625
0 0.338828125 0.367421875 0.05171875 0.1181640625