4 0.1924609375 0.3915625 0.053125 0.106640625
4 0.82015625 0.4161328125 0.04015625 0.1052734375
2 0.39671875 0.472890625 0.0526171875 0.13140625
2 0.619140625 0.74921875 0.037890625 0.1739453125
2 0.4295703125 0.74046875 0.031015625 0.1473046875
2 0.3900390625 0.7351953125 0.0255078125 0.1321484375
2 0.3475390625 0.7234765625 0.0186328125 0.1225390625
0 0.29125 0.7097265625 0.0393359375 0.0949609375
0 0.232890625 0.668125 0.0237109375 0.089921875
4 0.17203125 0.652734375 0.05359375 0.1280859375
2 0.7641015625 0.4292578125 0.0383203125 0.1415234375
2 0.6168359375 0.467578125 0.0241015625 0.11625
3 0.536171875 0.4620703125 0.04203125 0.1603515625
3 0.4810546875 0.4701171875 0.0494140625 0.1258984375
0 0.824765625 0.6518359375 0.0309765625 0.1078515625
0 0.7675390625 0.6977734375 0.0314453125 0.07109375