4 0.256796875 0.276484375 0.0310546875 0.1273828125
4 0.7503125 0.271875 0.029140625 0.0925
4 0.7815625 0.533984375 0.036484375 0.1157421875
4 0.21796875 0.5351171875 0.0351953125 0.07671875
1 0.3284765625 0.595078125 0.0310546875 0.1184765625
0 0.69609375 0.4166015625 0.0309765625 0.1153515625
2 0.613828125 0.4115625 0.022734375 0.114453125
2 0.572734375 0.42578125 0.0277734375 0.152109375
3 0.479453125 0.4441796875 0.015859375 0.1153515625
3 0.513203125 0.4618359375 0.0328515625 0.109375
3 0.5469921875 0.44234375 0.031484375 0.1116796875
2 0.4134765625 0.4051171875 0.0264453125 0.1199609375
0 0.3631640625 0.42140625 0.031484375 0.1387890625
0 0.3257421875 0.41015625 0.04390625 0.1208984375
1 0.4266015625 0.6086328125 0.0296484375 0.0950390625
3 0.5074609375 0.6242578125 0.0259765625 0.107890625
5 0.6092578125 0.6125390625 0.0503125 0.1166015625
0 0.6905859375 0.6022265625 0.0383203125 0.0821875
2 0.6166015625 0.4090234375 0.0282421875 0.1231640625