1 0.228984375 0.6430859375 0.0388671875 0.11796875
1 0.47 0.6614453125 0.0494140625 0.1767578125
5 0.459921875 0.5128515625 0.0181640625 0.110234375
3 0.47828125 0.49609375 0.0365234375 0.0996875
3 0.5279296875 0.5215625 0.0255078125 0.10015625
5 0.559609375 0.50296875 0.04296875 0.104296875
5 0.641875 0.5020703125 0.0328515625 0.1024609375
1 0.6942578125 0.498828125 0.0419921875 0.1015234375
0 0.785 0.5013671875 0.029609375 0.0780859375
0 0.778359375 0.6281640625 0.0392578125 0.0743359375
1 0.561015625 0.641484375 0.0291796875 0.106484375
0 0.296328125 0.6555078125 0.021875 0.060078125