0 0.4139453125 0.3936328125 0.0181640625 0.1062109375
5 0.458984375 0.417734375 0.0346875 0.0946875
3 0.54375 0.468515625 0.03421875 0.1180859375
3 0.5738671875 0.437734375 0.0255078125 0.1392578125
5 0.6351953125 0.44046875 0.0241015625 0.144765625
5 0.6639453125 0.4156640625 0.0401953125 0.1319140625
0 0.72046875 0.436796875 0.0153515625 0.1006640625
1 0.6253515625 0.6001171875 0.018125 0.1377734375
1 0.5145703125 0.5937109375 0.0448046875 0.124921875
1 0.4810546875 0.5824609375 0.023671875 0.1069921875
1 0.43140625 0.54984375 0.0346875 0.10609375