1 0.2703515625 0.5425 0.0296875 0.09140625
2 0.4562109375 0.5282421875 0.0291796875 0.1088671875
3 0.49 0.533046875 0.0278125 0.11390625
5 0.6173046875 0.5303125 0.052578125 0.1083984375
1 0.5345703125 0.546171875 0.03421875 0.117109375
4 0.2044140625 0.661015625 0.0586328125 0.1078515625
0 0.781328125 0.4754296875 0.040625 0.0675390625
4 0.7836328125 0.6525 0.0544140625 0.09546875
0 0.68921875 0.683046875 0.044765625 0.0784375
2 0.638203125 0.6961328125 0.0438671875 0.1183984375
1 0.56421875 0.703515625 0.03375 0.1330859375
1 0.470703125 0.713359375 0.0259765625 0.1574609375
5 0.446796875 0.6894921875 0.0149609375 0.0912890625
2 0.377890625 0.7195703125 0.024140625 0.0825390625