2 0.171328125 0.4354296875 0.02921875 0.1070703125
0 0.2273828125 0.4701171875 0.0310546875 0.1075390625
0 0.3172265625 0.48828125 0.0315234375 0.111640625
2 0.3900390625 0.497890625 0.0255078125 0.158515625
2 0.427734375 0.530546875 0.02734375 0.141015625
1 0.4665625 0.5544140625 0.026875 0.15203125
5 0.5725 0.525234375 0.023203125 0.2140625
2 0.6740234375 0.4811328125 0.0236328125 0.1295703125
1 0.525390625 0.7464453125 0.0526171875 0.150078125
0 0.2933203125 0.6858203125 0.0388671875 0.10234375
0 0.2356640625 0.6745703125 0.0476171875 0.1028125
4 0.1685546875 0.6378125 0.06046875 0.1212109375
4 0.8073046875 0.3118359375 0.0695703125 0.163203125
0 0.7723828125 0.4551953125 0.0548828125 0.082265625
2 0.6319921875 0.5001953125 0.045234375 0.1171484375