4 0.23265625 0.595078125 0.0462109375 0.1184765625
0 0.809609375 0.40625 0.028203125 0.11765625
0 0.8192578125 0.5502734375 0.0383203125 0.0978125
5 0.6354296875 0.59921875 0.038359375 0.1175390625
1 0.6239453125 0.4119921875 0.0245703125 0.1429296875
1 0.611328125 0.40671875 0.0314453125 0.1094140625
3 0.545390625 0.4244140625 0.04203125 0.1033984375
3 0.4957421875 0.4117578125 0.0346875 0.1103125
5 0.424765625 0.409921875 0.0259765625 0.106640625
2 0.39328125 0.4140625 0.0227734375 0.1424609375
1 0.3491796875 0.40234375 0.04484375 0.114453125
0 0.2986328125 0.3901953125 0.0356640625 0.1130859375
0 0.2515234375 0.4170703125 0.0195703125 0.107109375
5 0.4268359375 0.5819921875 0.0255078125 0.15203125