4 0.214765625 0.4967578125 0.056328125 0.0873046875
4 0.770546875 0.5252734375 0.0695703125 0.0891015625
4 0.786640625 0.76734375 0.05578125 0.12296875
5 0.440390625 0.5734765625 0.038828125 0.1580078125
3 0.49390625 0.5553515625 0.031015625 0.1355078125
4 0.6296875 0.5619921875 0.0130859375 0.1809765625
1 0.6653125 0.6127734375 0.03375 0.0941015625
2 0.6092578125 0.7441796875 0.0319140625 0.09953125
2 0.4422265625 0.7354296875 0.0425 0.0912890625
2 0.3838671875 0.752890625 0.0269140625 0.1078125
0 0.2898828125 0.60609375 0.0457421875 0.10375
0 0.252890625 0.6352734375 0.0315234375 0.0748046875
5 0.3714453125 0.56453125 0.0296484375 0.117109375