2 0.412109375 0.4207421875 0.0328515625 0.1512109375
2 0.45921875 0.43015625 0.030546875 0.1103125
5 0.6471484375 0.4053515625 0.029609375 0.1158203125
1 0.603046875 0.414296875 0.0259375 0.1199609375
3 0.561015625 0.457734375 0.018125 0.1102734375
3 0.5341015625 0.4547265625 0.0241015625 0.10890625
5 0.6453125 0.645390625 0.0259375 0.095
5 0.588359375 0.6076953125 0.022265625 0.16671875
5 0.428671875 0.637109375 0.0291796875 0.115234375
4 0.8116796875 0.691328125 0.075546875 0.080234375
4 0.2540234375 0.6787109375 0.0476171875 0.1202734375
0 0.7291796875 0.419375 0.0419921875 0.1025
0 0.7873046875 0.43453125 0.043359375 0.1236328125
0 0.3176953125 0.4365625 0.0416015625 0.1231640625
0 0.273125 0.4212109375 0.016796875 0.0878125