0 0.315859375 0.430390625 0.0195703125 0.12453125
1 0.392109375 0.4476171875 0.025078125 0.1451953125
3 0.4966796875 0.4790625 0.0181640625 0.166796875
3 0.5306640625 0.48046875 0.031015625 0.141953125
5 0.5692578125 0.4627734375 0.0162890625 0.1295703125
1 0.6117578125 0.463671875 0.0415625 0.13140625
0 0.268515625 0.3926953125 0.026015625 0.1190625
4 0.78109375 0.591171875 0.044765625 0.1152734375
4 0.217265625 0.5519140625 0.02921875 0.087265625
2 0.455078125 0.6380078125 0.0130859375 0.1905859375
2 0.413046875 0.6619140625 0.016328125 0.1464453125
2 0.381796875 0.6552734375 0.008984375 0.1193359375
0 0.3278125 0.628828125 0.025078125 0.1354296875
0 0.680234375 0.621484375 0.040625 0.1023828125