3 0.8337109375 0.442578125 0.0351171875 0.07078125
2 0.3884375 0.4730859375 0.03609375 0.127265625
2 0.2937890625 0.6426171875 0.0122265625 0.0894921875
2 0.3473046875 0.6630859375 0.0411328125 0.12578125
2 0.5067578125 0.680546875 0.038359375 0.105546875
2 0.6163671875 0.7041796875 0.0507421875 0.1023046875
2 0.6979296875 0.6899609375 0.053046875 0.1198046875
0 0.7845703125 0.6655859375 0.0378515625 0.098671875
5 0.525859375 0.4974609375 0.0259765625 0.1483984375
0 0.18375 0.433359375 0.04484375 0.1075390625
0 0.1541015625 0.4237109375 0.026953125 0.0790625
0 0.12375 0.552578125 0.0398046875 0.07484375
0 0.210625 0.6008203125 0.057265625 0.070234375
0 0.2710546875 0.6159765625 0.0356640625 0.07296875
2 0.6593359375 0.51515625 0.0309765625 0.1240234375
0 0.76203125 0.4859765625 0.0387890625 0.06109375
1 0.8426953125 0.6205859375 0.03921875 0.0637890625