2 0.2071875 0.44046875 0.0273828125 0.1263671875
2 0.2583984375 0.4609375 0.0425390625 0.089140625
0 0.30390625 0.4852734375 0.0140625 0.1102734375
0 0.380859375 0.45609375 0.0255078125 0.1024609375
5 0.4295703125 0.453359375 0.031015625 0.152109375
3 0.4913671875 0.4735546875 0.0213671875 0.1190234375
3 0.547890625 0.4808984375 0.014921875 0.1337109375
5 0.5853515625 0.4845703125 0.0208984375 0.1410546875
5 0.6292578125 0.48 0.021328125 0.1686328125
0 0.6556640625 0.521328125 0.0236328125 0.1042578125
0 0.7289453125 0.51375 0.0277734375 0.1120703125
2 0.7730859375 0.5241015625 0.0240625 0.1098046875
5 0.4458984375 0.638046875 0.031484375 0.1354296875
1 0.284140625 0.6589453125 0.0388671875 0.1266796875
2 0.575 0.6559375 0.0415625 0.1253125
5 0.6329296875 0.6630859375 0.0287109375 0.1625390625