0 0.3101171875 0.33296875 0.0494140625 0.131953125
1 0.4109765625 0.318984375 0.03515625 0.1269140625
1 0.49484375 0.352265625 0.0144921875 0.1521484375
3 0.5159765625 0.3462890625 0.02 0.131015625
3 0.5621484375 0.34953125 0.03421875 0.1833984375
5 0.6469140625 0.3276953125 0.03375 0.1535546875
0 0.7379296875 0.336640625 0.013515625 0.1209375
2 0.6317578125 0.52984375 0.0309765625 0.1350390625
2 0.5846484375 0.537890625 0.014921875 0.1741015625
2 0.4339453125 0.5466015625 0.0259765625 0.1088671875
1 0.41625 0.5415625 0.0135546875 0.126328125
0 0.36984375 0.544296875 0.04390625 0.1134375