2 0.458515625 0.4073828125 0.04296875 0.207265625
2 0.4844921875 0.42484375 0.03515625 0.168671875
3 0.572265625 0.4175 0.0360546875 0.1171875
3 0.521484375 0.448984375 0.031015625 0.10203125
5 0.6721875 0.43015625 0.038359375 0.128671875
0 0.789375 0.3748046875 0.0429296875 0.09609375
4 0.8171875 0.5840625 0.0314453125 0.1111328125
4 0.27265625 0.584296875 0.0618359375 0.1106640625
2 0.4509375 0.6269921875 0.032421875 0.1133984375
2 0.5159765625 0.6435546875 0.038359375 0.1280859375
2 0.633828125 0.633671875 0.030546875 0.122109375
2 0.6878125 0.638046875 0.0328125 0.1354296875
0 0.731953125 0.6308984375 0.029140625 0.0982421875
0 0.400390625 0.4391015625 0.0416015625 0.0960546875
1 0.295859375 0.3871875 0.0301171875 0.0933203125
1 0.3487109375 0.403046875 0.0347265625 0.1020703125