5 0.5773046875 0.517421875 0.0553515625 0.1929296875
0 0.5123046875 0.5783203125 0.0494140625 0.1079296875
5 0.3459375 0.549140625 0.02921875 0.118515625
1 0.299765625 0.6646875 0.05171875 0.1151953125
5 0.606015625 0.70234375 0.053046875 0.135390625
1 0.7404296875 0.656171875 0.0415625 0.121171875
0 0.7753515625 0.4696484375 0.0378515625 0.11578125
0 0.81625 0.429453125 0.036953125 0.0859375
0 0.7181640625 0.5059765625 0.0383203125 0.0873046875
3 0.646484375 0.54109375 0.0236328125 0.1162109375
1 0.43578125 0.55578125 0.048046875 0.163984375
0 0.2386328125 0.511484375 0.0305859375 0.0615625
0 0.1919921875 0.477265625 0.0246484375 0.0528515625
0 0.8024609375 0.611640625 0.0461328125 0.078046875
0 0.835546875 0.553515625 0.0387890625 0.0766796875