1 0.594296875 0.4834375 0.0250390625 0.143359375
1 0.6175390625 0.4928515625 0.030078125 0.157578125
0 0.716796875 0.49609375 0.0263671875 0.1180859375
4 0.80453125 0.644453125 0.0640625 0.1115625
5 0.319765625 0.4425390625 0.041171875 0.1258984375
2 0.388203125 0.484609375 0.0218359375 0.12265625
2 0.4291015625 0.5025 0.0209375 0.1125390625
2 0.47 0.478828125 0.038359375 0.1525390625
1 0.5603125 0.6821484375 0.030546875 0.1501171875
1 0.525859375 0.683984375 0.0259765625 0.1354296875
5 0.4796484375 0.695 0.0301171875 0.120703125
2 0.3443359375 0.6892578125 0.02140625 0.1321875
0 0.2276171875 0.461640625 0.0269140625 0.058359375
3 0.5145703125 0.4999609375 0.02640625 0.1396484375