5 0.43140625 0.4085546875 0.0346875 0.1314453125
3 0.483125 0.4271484375 0.023203125 0.1273046875
3 0.5233203125 0.4119921875 0.0346875 0.1245703125
5 0.56375 0.3814453125 0.04203125 0.1599609375
5 0.6124609375 0.3809765625 0.0475390625 0.14984375
0 0.6671484375 0.3787109375 0.037421875 0.1176953125
0 0.7376953125 0.37984375 0.036015625 0.09703125
4 0.7919140625 0.5590234375 0.067265625 0.0840234375
4 0.2246484375 0.5734765625 0.0623046875 0.1028515625
2 0.41578125 0.6334375 0.0218359375 0.1630078125
2 0.373515625 0.6001171875 0.02921875 0.1377734375
5 0.6014453125 0.613671875 0.0438671875 0.1326953125
5 0.39328125 0.406015625 0.0411328125 0.1034375
1 0.2710546875 0.3715625 0.0540234375 0.1172265625
2 0.2241796875 0.3633203125 0.033828125 0.1190625