4 0.2400390625 0.4471484375 0.0425390625 0.098359375
4 0.769609375 0.46578125 0.0309765625 0.0758203125
0 0.726640625 0.675234375 0.03234375 0.090390625
2 0.606015625 0.7039453125 0.0346875 0.1064453125
2 0.638203125 0.7129296875 0.0438671875 0.1105859375
3 0.536875 0.6823828125 0.0296484375 0.10921875
3 0.50265625 0.6860546875 0.039296875 0.1349609375
5 0.4224609375 0.694765625 0.0305859375 0.12484375
0 0.3530859375 0.7028125 0.0296484375 0.090390625
4 0.2296875 0.6201171875 0.04484375 0.0904296875
2 0.4502734375 0.5041015625 0.0264453125 0.1203515625
2 0.373984375 0.529375 0.039296875 0.1065625
0 0.5001171875 0.51078125 0.0296484375 0.110703125
0 0.5701953125 0.5360546875 0.018125 0.1152734375
1 0.60375 0.537421875 0.0208984375 0.09046875
0 0.6871484375 0.5443359375 0.0268359375 0.095078125