5 0.354453125 0.50546875 0.06 0.1690625
5 0.4483984375 0.5399609375 0.0411328125 0.136875
1 0.59109375 0.5282421875 0.0314453125 0.1051953125
1 0.6779296875 0.51171875 0.0268359375 0.07578125
4 0.2273828125 0.668359375 0.049453125 0.1005078125
1 0.74640625 0.6435546875 0.0259375 0.091328125
5 0.537109375 0.7000390625 0.0255078125 0.1216015625
1 0.5773046875 0.6848828125 0.0369921875 0.1005078125
5 0.431640625 0.703515625 0.0305859375 0.151484375
1 0.5021875 0.5146875 0.0291796875 0.1323046875
1 0.34546875 0.698671875 0.0374609375 0.1096875
0 0.291484375 0.6894921875 0.016796875 0.0912890625