5 0.6124609375 0.4616015625 0.0291796875 0.150234375
1 0.6565625 0.459765625 0.02546875 0.128203125
1 0.5738671875 0.609765625 0.0255078125 0.1294921875
5 0.47046875 0.50640625 0.0301171875 0.0790234375
5 0.4019921875 0.467578125 0.0494140625 0.1346484375
5 0.3174609375 0.43703125 0.0457421875 0.0965234375
4 0.2634765625 0.417734375 0.0434765625 0.076328125
0 0.322734375 0.6247265625 0.0425390625 0.1180078125
2 0.4578515625 0.6316015625 0.0186328125 0.122578125
0 0.726640625 0.6203515625 0.03234375 0.14140625
4 0.7494140625 0.3594140625 0.0456640625 0.0975