0 0.3659375 0.5429296875 0.03703125 0.1198828125
0 0.308046875 0.5580859375 0.0498828125 0.1226171875
1 0.42890625 0.55328125 0.0434375 0.09921875
1 0.547890625 0.5741796875 0.0333203125 0.1272265625
1 0.5931640625 0.565 0.02734375 0.1272265625
0 0.65359375 0.5700390625 0.0424609375 0.128125
0 0.695859375 0.571875 0.0351171875 0.1134375
0 0.7455078125 0.556484375 0.0241015625 0.0964453125
1 0.7703125 0.5080078125 0.036953125 0.0868359375
4 0.786171875 0.6970703125 0.0456640625 0.0834765625
4 0.2505859375 0.698671875 0.0471484375 0.1096875
0 0.3282421875 0.694765625 0.0351953125 0.1064453125
2 0.5435546875 0.7469140625 0.02 0.141796875
2 0.459453125 0.7375 0.0448046875 0.127578125
1 0.47828125 0.571640625 0.0181640625 0.117578125