0 0.22921875 0.3274609375 0.053125 0.1209375
5 0.5871875 0.35203125 0.0245703125 0.1746875
5 0.619375 0.337109375 0.0521484375 0.1494140625
1 0.6593359375 0.348125 0.0309765625 0.1346875
1 0.5550390625 0.3814453125 0.03375 0.123203125
2 0.516640625 0.3770703125 0.0443359375 0.146640625
0 0.7682421875 0.3313671875 0.037421875 0.10578125
1 0.7985546875 0.33046875 0.02453125 0.085546875
2 0.378125 0.3555078125 0.0383984375 0.131015625
1 0.5203515625 0.54890625 0.0333203125 0.1226171875
1 0.420390625 0.5358203125 0.01265625 0.1194140625
1 0.306875 0.50390625 0.0337890625 0.069375
1 0.256796875 0.4395703125 0.0347265625 0.0877734375