0 0.2725 0.568203125 0.0257421875 0.0876953125
5 0.346953125 0.5571875 0.0091796875 0.102421875
3 0.4556640625 0.5737109375 0.019765625 0.117109375
3 0.5208984375 0.561328125 0.0216015625 0.101484375
3 0.5914453125 0.5654296875 0.0018359375 0.155703125
5 0.6314453125 0.5594921875 0.0174609375 0.1162109375
0 0.69578125 0.571875 0.0174609375 0.0950390625
0 0.74265625 0.664921875 0.0376953125 0.0926953125
2 0.6033984375 0.7016796875 0.0257421875 0.074296875
5 0.5050390625 0.7012109375 0.0496484375 0.1009375
5 0.3699609375 0.691796875 0.0183984375 0.08671875
5 0.281015625 0.66421875 0.0565234375 0.068359375