0 0.7401953125 0.3828125 0.0456640625 0.1167578125
4 0.7882421875 0.526171875 0.045234375 0.072578125
4 0.2166015625 0.5466015625 0.041640625 0.1088671875
4 0.249453125 0.268671875 0.0383984375 0.095234375
0 0.3064453125 0.4393359375 0.0237109375 0.128671875
2 0.36890625 0.407421875 0.0383984375 0.115390625
1 0.4451953125 0.4361328125 0.0255078125 0.1498046875
3 0.5074609375 0.4230078125 0.0259765625 0.1649609375
2 0.5694921875 0.4041796875 0.030546875 0.1548828125
5 0.5715625 0.607265625 0.01171875 0.138203125
1 0.3216015625 0.6012890625 0.0264453125 0.153828125