2 0.5608984375 0.4351953125 0.018828125 0.129609375
3 0.5190625 0.4708203125 0.0362890625 0.131875
3 0.492421875 0.4857421875 0.019765625 0.1019921875
2 0.4554296875 0.4705859375 0.02390625 0.1176171875
0 0.399375 0.4244140625 0.0220703125 0.0850390625
0 0.3134375 0.4071875 0.0248046875 0.1011328125
1 0.2826171875 0.384921875 0.027578125 0.0795703125
4 0.2196875 0.54890625 0.0211328125 0.1042578125
4 0.7906640625 0.5751171875 0.055625 0.0923046875
1 0.5831640625 0.629765625 0.0220703125 0.11890625
3 0.5301171875 0.6157421875 0.0216015625 0.1138671875
3 0.4508203125 0.621484375 0.0146875 0.1023828125
1 0.3290625 0.5787890625 0.019296875 0.08125