1 0.4591015625 0.505703125 0.03125 0.164921875
3 0.504375 0.5241015625 0.0252734375 0.1281640625
1 0.543203125 0.518359375 0.043203125 0.17640625
1 0.594453125 0.5229296875 0.0216015625 0.1672265625
0 0.2410546875 0.5245703125 0.059296875 0.1198828125
4 0.1190234375 0.6005859375 0.0496484375 0.092734375
0 0.80375 0.51125 0.0404296875 0.1024609375
0 0.714609375 0.5287109375 0.0459375 0.118984375
2 0.4028125 0.7051171875 0.0335546875 0.104140625
1 0.40625 0.541328125 0.026640625 0.1304296875
2 0.3644140625 0.5270703125 0.0441015625 0.111171875
2 0.2943359375 0.7097265625 0.0372265625 0.0766015625
2 0.647734375 0.6855859375 0.0546875 0.0880859375