1 0.418671875 0.4767578125 0.042265625 0.1713671875
3 0.4862109375 0.5013671875 0.0211328125 0.1332421875
1 0.5218359375 0.4898828125 0.0234375 0.1745703125
1 0.6151171875 0.4979296875 0.0169921875 0.1217578125
0 0.694375 0.5126171875 0.02390625 0.114375
0 0.71 0.665390625 0.0183984375 0.1028125
1 0.445546875 0.6961328125 0.0179296875 0.136796875
2 0.5289453125 0.6929296875 0.0055078125 0.1027734375
1 0.2752734375 0.67296875 0.0496484375 0.095
1 0.23390625 0.52984375 0.0220703125 0.1166796875
1 0.262421875 0.5238671875 0.02390625 0.1323046875
0 0.350625 0.5089453125 0.0165625 0.1254296875