4 0.29171875 0.4818359375 0.0310546875 0.0987890625
5 0.4146484375 0.4349609375 0.0425390625 0.13375
0 0.5970703125 0.4168359375 0.04890625 0.14796875
2 0.545390625 0.3982421875 0.04203125 0.0969921875
4 0.7340234375 0.5953125 0.0470703125 0.1326953125
4 0.6292578125 0.690390625 0.021328125 0.1298828125
2 0.56328125 0.6892578125 0.0319140625 0.1689453125
2 0.4778125 0.6589453125 0.0448046875 0.1266796875
2 0.419921875 0.6915625 0.0209375 0.10921875
2 0.3567578125 0.676640625 0.055390625 0.120703125
2 0.2521875 0.49859375 0.04390625 0.127734375