0 0.2388671875 0.503203125 0.04484375 0.118515625
5 0.559375 0.5321484375 0.0287109375 0.13046875
2 0.6712890625 0.5348828125 0.018125 0.09921875
0 0.712421875 0.4857421875 0.0314453125 0.0836328125
0 0.753984375 0.475625 0.036484375 0.0633984375
0 0.785703125 0.7005078125 0.035546875 0.13171875
0 0.6136328125 0.7469140625 0.026875 0.1234375
5 0.56328125 0.7395703125 0.0503125 0.14546875
2 0.4070703125 0.74921875 0.031953125 0.118828125
2 0.3519140625 0.76921875 0.031953125 0.1082421875
1 0.3560546875 0.5387890625 0.0494140625 0.1391796875
5 0.4176171875 0.5385546875 0.0255078125 0.124921875
3 0.4679296875 0.53671875 0.02046875 0.102890625