0 0.2678125 0.419375 0.024609375 0.1025
0 0.3055078125 0.445078125 0.0264453125 0.098828125
5 0.4026953125 0.4547265625 0.0416015625 0.1456640625
3 0.50265625 0.498359375 0.0255078125 0.1134765625
3 0.5267578125 0.491484375 0.0323828125 0.10890625
1 0.58671875 0.468046875 0.0190625 0.163125
5 0.6200390625 0.464609375 0.0259375 0.151640625
0 0.684609375 0.4565625 0.0401953125 0.112578125
0 0.723203125 0.449453125 0.02546875 0.09375
4 0.7689453125 0.3890234375 0.04796875 0.115390625
4 0.2276171875 0.5796875 0.0498828125 0.1566015625
4 0.3909765625 0.5893359375 0.031953125 0.1299609375
1 0.58671875 0.60953125 0.037421875 0.1336328125
0 0.633359375 0.6012890625 0.0250390625 0.1170703125
0 0.7413671875 0.5438671875 0.040625 0.07390625