0 0.759296875 0.3476953125 0.03328125 0.124609375
0 0.754921875 0.5123828125 0.0383203125 0.045
0 0.6859765625 0.405546875 0.029140625 0.1668359375
5 0.56328125 0.45609375 0.0503125 0.1759765625
1 0.4651953125 0.5038671875 0.0333203125 0.1244921875
0 0.420390625 0.4703515625 0.0677734375 0.1217578125
1 0.302734375 0.414296875 0.0347265625 0.1199609375
0 0.2774609375 0.5020703125 0.048515625 0.0840625
0 0.3201953125 0.58109375 0.032890625 0.05828125
1 0.439453125 0.67296875 0.0186328125 0.113359375
2 0.59890625 0.6265625 0.0526171875 0.1216796875