2 0.5577734375 0.48296875 0.039296875 0.096484375
3 0.4821875 0.514453125 0.0213671875 0.1364453125
5 0.4256640625 0.48390625 0.0462109375 0.1534375
5 0.3682421875 0.4979296875 0.032421875 0.1217578125
1 0.2928515625 0.4540234375 0.0471484375 0.1029296875
5 0.4769140625 0.6499609375 0.04296875 0.122578125
2 0.5575390625 0.6690625 0.0433984375 0.11015625
0 0.6551953125 0.6283984375 0.0319140625 0.1253515625
1 0.75765625 0.5654296875 0.02546875 0.1189453125
2 0.3912109375 0.6467578125 0.0232421875 0.1253125
0 0.3411328125 0.630703125 0.024140625 0.1023828125
4 0.2383984375 0.5640625 0.0347265625 0.1069921875