0 0.2859765625 0.332734375 0.0241796875 0.13609375
2 0.2317578125 0.359609375 0.026015625 0.1484765625
5 0.4463671875 0.3743359375 0.0416015625 0.1411328125
3 0.4891015625 0.399609375 0.0259765625 0.145703125
3 0.536171875 0.4163671875 0.023671875 0.1194921875
3 0.587421875 0.3731640625 0.0204296875 0.2169140625
5 0.626484375 0.3394140625 0.03421875 0.1815625
0 0.699765625 0.3501953125 0.0199609375 0.1526171875
0 0.7367578125 0.34859375 0.0158203125 0.1264453125
4 0.7767578125 0.349296875 0.0053125 0.15078125
4 0.782734375 0.5245703125 0.0341796875 0.13828125
4 0.2312890625 0.5541796875 0.0710546875 0.1194140625
2 0.3978515625 0.5844921875 0.031953125 0.14328125
1 0.475546875 0.5923046875 0.031015625 0.1497265625
1 0.5748046875 0.5819921875 0.02734375 0.170390625
2 0.6115625 0.6042578125 0.045703125 0.155234375
4 0.646015625 0.556953125 0.0319140625 0.1433203125