2 0.4023828125 0.446015625 0.0280859375 0.1410546875
2 0.488046875 0.476328125 0.0330859375 0.12453125
3 0.5303125 0.4721875 0.0441015625 0.1254296875
1 0.5794921875 0.4657421875 0.0229296875 0.1676953125
2 0.6755078125 0.43265625 0.0403125 0.1383203125
0 0.7271875 0.425546875 0.028828125 0.1194921875
0 0.7605078125 0.3865234375 0.035703125 0.08734375
4 0.7783984375 0.2796875 0.0439453125 0.1356640625
4 0.22203125 0.325625 0.0249609375 0.117265625
0 0.28796875 0.4296875 0.032734375 0.1001953125
2 0.3552734375 0.4285546875 0.0341015625 0.1576171875
0 0.2462109375 0.5851953125 0.0273828125 0.0757421875
0 0.806171875 0.54109375 0.0580859375 0.1162109375
1 0.7659375 0.5861328125 0.0466015625 0.0959765625
1 0.5855859375 0.6548046875 0.0397265625 0.1276171875
2 0.494375 0.6435546875 0.02734375 0.1097265625
2 0.5304296875 0.6499609375 0.0213671875 0.122578125
3 0.4300390625 0.6805078125 0.031015625 0.1386328125
1 0.373515625 0.6759375 0.0337890625 0.1147265625
0 0.3057421875 0.6398828125 0.0223046875 0.10234375
1 0.201171875 0.56546875 0.0512890625 0.1152734375
0 0.248984375 0.390390625 0.032890625 0.131015625
5 0.4408203125 0.4510546875 0.03515625 0.1383203125
2 0.656796875 0.661484375 0.0259375 0.11796875
0 0.7052734375 0.6594140625 0.0355859375 0.1000390625