0 0.2188671875 0.2622265625 0.03703125 0.10078125
2 0.334453125 0.33046875 0.0337890625 0.140703125
2 0.4240625 0.3575390625 0.0383984375 0.1489453125
3 0.4644921875 0.37890625 0.02734375 0.168671875
3 0.50265625 0.3821484375 0.039296875 0.11078125
2 0.6361328125 0.3550390625 0.0259375 0.1025390625
0 0.6864453125 0.376640625 0.020859375 0.099765625
0 0.809375 0.5041015625 0.0507421875 0.1203515625
1 0.583046875 0.606328125 0.0438671875 0.154765625
4 0.420390625 0.6155078125 0.0494140625 0.154765625
0 0.3016015625 0.591640625 0.055390625 0.1069921875