5 0.4033984375 0.42578125 0.024609375 0.13375
3 0.537578125 0.4579296875 0.035625 0.1612890625
5 0.5736328125 0.4593359375 0.029609375 0.136484375
5 0.6251171875 0.4478515625 0.022265625 0.1410546875
0 0.6827734375 0.4168359375 0.0319140625 0.11125
0 0.7374609375 0.39640625 0.04015625 0.0933203125
0 0.7562890625 0.5160546875 0.031875 0.0707421875
0 0.3294140625 0.398203125 0.032890625 0.115390625
0 0.4339453125 0.60359375 0.007578125 0.130859375
0 0.365234375 0.56640625 0.0310546875 0.0913671875
0 0.598203125 0.614140625 0.0282421875 0.1244140625
0 0.509296875 0.6249609375 0.01125 0.077109375
1 0.4539453125 0.4466796875 0.0337890625 0.143359375