2 0.32328125 0.472421875 0.012421875 0.1212890625
5 0.4398046875 0.4554296875 0.0294140625 0.151640625
5 0.3958984375 0.4852734375 0.04734375 0.14703125
3 0.5206640625 0.4765625 0.0257421875 0.13875
3 0.5771875 0.4818359375 0.019296875 0.135546875
5 0.6215625 0.4662109375 0.0298828125 0.1410546875
5 0.7173828125 0.4710546875 0.0146875 0.0909765625
1 0.777109375 0.453359375 0.02390625 0.1153515625
2 0.62015625 0.7618359375 0.0362890625 0.148671875
1 0.5390625 0.7317578125 0.0441015625 0.1758203125
2 0.3880859375 0.7205078125 0.0408984375 0.13953125
4 0.1973828125 0.6578125 0.0546875 0.0738671875
1 0.245625 0.43359375 0.03171875 0.1033984375