2 0.5790625 0.4659765625 0.02296875 0.1451953125
3 0.48828125 0.4818359375 0.0206640625 0.1171484375
0 0.395 0.445078125 0.0455078125 0.135546875
1 0.332265625 0.4080859375 0.0018359375 0.10296875
0 0.2865234375 0.409921875 0.03078125 0.106640625
0 0.235078125 0.3701953125 0.019765625 0.0869140625
0 0.186796875 0.58015625 0.042734375 0.093203125
0 0.23390625 0.583125 0.0220703125 0.0945703125
3 0.5059765625 0.6941015625 0.0330859375 0.1188671875
1 0.6396875 0.6738671875 0.0340234375 0.1151953125
0 0.702421875 0.6655859375 0.0262109375 0.11703125
1 0.7621875 0.6233203125 0.035390625 0.1244140625
3 0.6741796875 0.4581640625 0.03859375 0.1387890625