5 0.3912109375 0.506171875 0.0416015625 0.156640625
5 0.513203125 0.5287109375 0.0328515625 0.13734375
4 0.7365234375 0.618984375 0.0383203125 0.1294921875
0 0.598671875 0.6897265625 0.038359375 0.105546875
5 0.5030859375 0.686953125 0.031015625 0.1183984375
1 0.424765625 0.68421875 0.044375 0.112890625
1 0.3394921875 0.698671875 0.0347265625 0.1096875
0 0.2776953125 0.5470703125 0.044375 0.0821875
0 0.226015625 0.553515625 0.0375 0.095078125
4 0.2002734375 0.6577734375 0.041171875 0.110625
1 0.4617578125 0.5507421875 0.0401953125 0.1446875