2 0.30953125 0.429453125 0.04 0.1226953125
1 0.441640625 0.4705859375 0.051484375 0.1727734375
1 0.4742578125 0.4962890625 0.0340234375 0.150703125
5 0.5758203125 0.4774609375 0.00734375 0.17734375
5 0.61625 0.4740234375 0.0146875 0.165859375
0 0.696015625 0.4565625 0.0133203125 0.112578125
0 0.750234375 0.410390625 0.0298828125 0.1167578125
0 0.809296875 0.6178125 0.0882421875 0.131796875
2 0.5762890625 0.706015625 0.05421875 0.124375
2 0.4166015625 0.6812109375 0.024375 0.14828125
4 0.24125 0.5854296875 0.05515625 0.09