1 0.2737890625 0.5461328125 0.041171875 0.1355078125
1 0.3555859375 0.5190625 0.039296875 0.1088671875
3 0.474609375 0.5351171875 0.0291796875 0.1318359375
3 0.501484375 0.5466015625 0.023203125 0.145625
1 0.529765625 0.53671875 0.0475390625 0.102890625
1 0.6859765625 0.6633203125 0.0475390625 0.0848828125
1 0.701171875 0.5519140625 0.0319140625 0.105625
4 0.599609375 0.69546875 0.0401953125 0.112421875
3 0.5235546875 0.68421875 0.030546875 0.112890625
3 0.490703125 0.6858203125 0.0337890625 0.1391015625
3 0.4530078125 0.68671875 0.0503125 0.1041796875