5 0.626953125 0.487578125 0.0259375 0.1240625
2 0.5775390625 0.510078125 0.0328515625 0.1047265625
3 0.5242578125 0.5043359375 0.0181640625 0.1162109375
3 0.4766796875 0.5041015625 0.0287109375 0.1203515625
5 0.3992578125 0.5211328125 0.04390625 0.1083984375
0 0.333984375 0.5328515625 0.0237109375 0.0996875
4 0.244140625 0.5162890625 0.041640625 0.085
5 0.3873046875 0.6320703125 0.0383984375 0.0775390625
5 0.6251171875 0.6440234375 0.0406640625 0.1014453125
0 0.7650390625 0.6490625 0.021796875 0.083984375
0 0.7206640625 0.533984375 0.029609375 0.078984375
4 0.753984375 0.461640625 0.036484375 0.0951171875