3 0.27703125 0.32265625 0.0383984375 0.1158984375
0 0.3415625 0.368828125 0.0158984375 0.1484765625
0 0.41578125 0.3612109375 0.0218359375 0.1746484375
5 0.4769140625 0.3768359375 0.0245703125 0.15078125
5 0.5274609375 0.3612109375 0.015390625 0.1746484375
0 0.576640625 0.379375 0.0126171875 0.14203125
0 0.661171875 0.3428515625 0.0346484375 0.1379296875
1 0.685078125 0.333671875 0.0273046875 0.1195703125
0 0.7401953125 0.344921875 0.0456640625 0.100703125
1 0.575234375 0.5619921875 0.0190625 0.14421875
1 0.4876953125 0.56453125 0.0323828125 0.1538671875
1 0.4415234375 0.5854296875 0.01859375 0.163515625
4 0.4212890625 0.54984375 0.0328515625 0.1428515625