0 0.16453125 0.3780078125 0.03953125 0.0933203125
1 0.26515625 0.444609375 0.0294140625 0.1070703125
2 0.38625 0.4696484375 0.0372265625 0.1341796875
3 0.476328125 0.5041015625 0.0335546875 0.157109375
3 0.5491796875 0.5415625 0.027578125 0.126328125
2 0.6160546875 0.4979296875 0.0372265625 0.1217578125
0 0.6888671875 0.468046875 0.03125 0.10796875
0 0.741484375 0.4540234375 0.04 0.1029296875
2 0.6004296875 0.7124609375 0.024375 0.1188671875
1 0.7945703125 0.4156640625 0.0404296875 0.113515625
1 0.68703125 0.6926953125 0.027578125 0.143671875
1 0.4809375 0.699140625 0.042734375 0.119765625
2 0.4191015625 0.706015625 0.0523828125 0.1059765625
1 0.1551171875 0.5728125 0.043671875 0.096875