0 0.2544921875 0.4937890625 0.0209375 0.1410546875
5 0.4415234375 0.5259375 0.054921875 0.2237109375
3 0.4847265625 0.5429296875 0.031015625 0.156640625
1 0.575 0.5075390625 0.023203125 0.1869921875
0 0.63359375 0.5126171875 0.0346875 0.1511328125
0 0.6862109375 0.5075390625 0.025 0.150234375
4 0.7645703125 0.6320703125 0.066796875 0.0959375
4 0.2007421875 0.6506640625 0.0512890625 0.11015625
1 0.4498046875 0.7655078125 0.016328125 0.156015625
1 0.5775390625 0.768046875 0.0328515625 0.202421875
1 0.1885546875 0.4630078125 0.0315234375 0.1070703125