2 0.6537109375 0.452421875 0.0390625 0.1686328125
0 0.71875 0.46875 0.026640625 0.150703125
0 0.8101953125 0.452890625 0.0533203125 0.105234375
0 0.8841796875 0.4476171875 0.026640625 0.090078125
0 0.86671875 0.629765625 0.046875 0.0821484375
3 0.5250390625 0.699609375 0.0390625 0.093125
3 0.4351953125 0.6901953125 0.03859375 0.1156640625
3 0.32765625 0.6745703125 0.0441015625 0.121171875
2 0.3292578125 0.491015625 0.0335546875 0.1171484375
0 0.2440234375 0.4740234375 0.042265625 0.1107421875
0 0.1355859375 0.4620703125 0.0643359375 0.0868359375