4 0.327578125 0.336640625 0.02921875 0.1760546875
4 0.4033984375 0.3279296875 0.024609375 0.1310546875
5 0.652890625 0.3276953125 0.0365234375 0.1535546875
1 0.595234375 0.34953125 0.045234375 0.1098828125
3 0.5490625 0.3548046875 0.0126171875 0.1066796875
3 0.514375 0.345859375 0.030546875 0.1209375
2 0.63890625 0.5233984375 0.0130859375 0.1589453125
2 0.47828125 0.5323828125 0.0181640625 0.0895703125
2 0.4073046875 0.5415625 0.0278125 0.126328125
1 0.3875390625 0.5328125 0.0342578125 0.118046875
0 0.735625 0.3513671875 0.018125 0.0951953125