0 0.261640625 0.46484375 0.0581640625 0.1291015625
4 0.23015625 0.6169140625 0.0549609375 0.093203125
0 0.80453125 0.4478515625 0.0273046875 0.0859375
1 0.8351171875 0.60265625 0.04703125 0.1106640625
1 0.533671875 0.4691796875 0.0323828125 0.142421875
3 0.505859375 0.4744921875 0.0181640625 0.120859375
5 0.4644921875 0.4505859375 0.02734375 0.1466015625
5 0.4378515625 0.4521875 0.047578125 0.1727734375
5 0.3859375 0.465078125 0.0448046875 0.125
5 0.6446484375 0.4322265625 0.038359375 0.128203125
5 0.5655859375 0.64171875 0.02734375 0.1244140625
5 0.652890625 0.672265625 0.0365234375 0.144140625
5 0.7223046875 0.668828125 0.037421875 0.1510546875
5 0.7801953125 0.6591796875 0.02453125 0.1409375
5 0.451640625 0.644453125 0.02 0.129921875