2 0.35640625 0.471484375 0.0418359375 0.10109375
3 0.43703125 0.4540234375 0.02390625 0.121328125
3 0.50484375 0.4565625 0.035390625 0.112578125
1 0.606171875 0.4967578125 0.0496484375 0.1240625
1 0.207734375 0.648125 0.0340234375 0.137265625
0 0.6815234375 0.5250390625 0.034921875 0.0932421875
2 0.6144140625 0.7170703125 0.0294140625 0.1096484375
2 0.461171875 0.6692578125 0.03078125 0.1244140625
2 0.425546875 0.6690625 0.0284765625 0.128515625
1 0.3933984375 0.65734375 0.0376953125 0.11890625
1 0.3033203125 0.4783984375 0.0413671875 0.1240625