0 0.762265625 0.4405078125 0.0346484375 0.1080078125
0 0.720234375 0.4710546875 0.037890625 0.0909765625
0 0.58375 0.4292578125 0.0130859375 0.0349609375
3 0.51390625 0.486640625 0.038828125 0.1222265625
1 0.4408203125 0.46921875 0.0305859375 0.1240625
2 0.4073046875 0.47265625 0.009453125 0.1171875
2 0.295390625 0.4708203125 0.0383984375 0.1134765625
0 0.245078125 0.445078125 0.025078125 0.098828125
0 0.241640625 0.5746484375 0.0319921875 0.1189453125
0 0.580078125 0.676640625 0.0241015625 0.1391015625
0 0.6517578125 0.6559375 0.0387890625 0.1253125
4 0.7797265625 0.6134765625 0.0328125 0.100078125