3 0.5235546875 0.3853515625 0.0121875 0.1448046875
3 0.489765625 0.39109375 0.031953125 0.13328125
5 0.404765625 0.382578125 0.0365625 0.15765625
0 0.3553515625 0.4166015625 0.025078125 0.13375
0 0.2942578125 0.4161328125 0.040703125 0.1236328125
0 0.24875 0.43015625 0.0508203125 0.0919140625
1 0.20328125 0.410625 0.0241796875 0.1309765625
4 0.7825 0.2932421875 0.05671875 0.1305859375
1 0.723671875 0.548671875 0.0205078125 0.0973828125
2 0.6322265625 0.591640625 0.022734375 0.1253515625
2 0.591328125 0.5861328125 0.0236328125 0.132734375
3 0.508828125 0.5626953125 0.037890625 0.131796875
5 0.4148828125 0.580625 0.02 0.140078125
0 0.334921875 0.5812890625 0.025546875 0.109296875