1 0.7874609375 0.4400390625 0.0216015625 0.1162890625
2 0.393828125 0.5280078125 0.0294140625 0.1313671875
2 0.317109375 0.5225 0.0137890625 0.1387109375
1 0.2598828125 0.46046875 0.0326171875 0.11578125
0 0.2221875 0.4547265625 0.0491796875 0.090546875
1 0.585703125 0.72625 0.03171875 0.0912890625
1 0.64546875 0.714296875 0.0225 0.104140625
0 0.7516015625 0.644453125 0.0601953125 0.0931640625
0 0.85203125 0.613671875 0.035859375 0.0959375
2 0.3325 0.7344921875 0.03078125 0.1262109375
0 0.2642578125 0.70234375 0.0459375 0.0986328125
4 0.20359375 0.6435546875 0.034921875 0.07296875