2 0.380625 0.4659765625 0.0296484375 0.1635546875
2 0.4305078125 0.4694140625 0.040234375 0.17140625
5 0.6363671875 0.4774609375 0.0401953125 0.1222265625
2 0.3316796875 0.4583984375 0.0466796875 0.1530078125
0 0.2034765625 0.449921875 0.0384375 0.1222265625
0 0.148125 0.4565625 0.0241796875 0.112578125
0 0.0867578125 0.4193359375 0.0439453125 0.120859375
0 0.8656640625 0.569140625 0.066796875 0.1079296875
0 0.7758203125 0.607734375 0.0663671875 0.1115625
1 0.327578125 0.68328125 0.02921875 0.1478125
0 0.2375 0.6603125 0.032890625 0.101875
0 0.135703125 0.6265625 0.0637109375 0.1216796875