5 0.58984375 0.3995703125 0.03078125 0.1824609375
1 0.6431640625 0.410625 0.0455078125 0.1309765625
0 0.758515625 0.3265625 0.028046875 0.08234375
1 0.788828125 0.4834375 0.0519140625 0.1066015625
4 0.2644921875 0.284296875 0.0455078125 0.119140625
4 0.235078125 0.50734375 0.0565234375 0.1176171875
1 0.422578125 0.4365625 0.027109375 0.159921875
5 0.5992578125 0.679375 0.026640625 0.218125
3 0.528046875 0.4698828125 0.0220703125 0.166796875
3 0.554453125 0.4698828125 0.024375 0.1483984375
3 0.4696875 0.4772265625 0.043203125 0.1447265625
5 0.4581640625 0.644921875 0.0478125 0.1400390625