4 0.27703125 0.4901171875 0.0383984375 0.0785546875
4 0.249453125 0.7087890625 0.0383984375 0.074765625
4 0.7845703125 0.7005078125 0.0378515625 0.0949609375
2 0.7801953125 0.4852734375 0.02453125 0.091875
0 0.6965625 0.5425 0.0226953125 0.09140625
0 0.60328125 0.5544140625 0.0291796875 0.133671875
1 0.5421484375 0.5553515625 0.02640625 0.117109375
2 0.4957421875 0.5551171875 0.0346875 0.1763671875
1 0.45484375 0.567265625 0.035625 0.159375
0 0.3592578125 0.5583203125 0.02828125 0.1001171875
3 0.5083984375 0.711328125 0.0278125 0.121171875