5 0.44796875 0.3559375 0.0494140625 0.1594921875
3 0.528125 0.403515625 0.0397265625 0.130546875
1 0.5775390625 0.3901953125 0.0512109375 0.1130859375
1 0.66921875 0.3887890625 0.036953125 0.1011328125
0 0.758828125 0.3862890625 0.0415625 0.091484375
4 0.7882421875 0.2675 0.06359375 0.1159375
4 0.829375 0.6091015625 0.04015625 0.10515625
4 0.228984375 0.61828125 0.057265625 0.1051171875
5 0.446796875 0.60953125 0.05171875 0.2255078125
2 0.514140625 0.603125 0.0346875 0.1942578125
2 0.5628515625 0.6208203125 0.0401953125 0.1331640625
2 0.599609375 0.614609375 0.021796875 0.0977734375
2 0.331015625 0.3814453125 0.0223046875 0.0864453125
4 0.2273828125 0.2875 0.0310546875 0.086953125