0 0.2623046875 0.41015625 0.0273828125 0.1208984375
0 0.3062109375 0.4696484375 0.0278515625 0.097421875
2 0.3992578125 0.4689453125 0.0255078125 0.1649609375
1 0.4334765625 0.540859375 0.015859375 0.1203515625
3 0.4665625 0.55234375 0.026875 0.1341015625
3 0.5159765625 0.5730078125 0.02 0.147890625
1 0.548359375 0.51515625 0.0433984375 0.1056640625
2 0.595 0.50203125 0.031015625 0.13921875
0 0.63796875 0.49125 0.029609375 0.1130078125
0 0.6979296875 0.4664453125 0.0346484375 0.1185546875
0 0.747578125 0.4193359375 0.0419921875 0.120859375
0 0.762265625 0.613671875 0.0346484375 0.1143359375
2 0.63796875 0.698671875 0.029609375 0.1096875
2 0.583046875 0.728984375 0.0255078125 0.11515625
5 0.544453125 0.7234765625 0.0218359375 0.1408984375
2 0.3707421875 0.7195703125 0.023671875 0.1376953125
0 0.253125 0.591875 0.04578125 0.1212109375
2 0.4185546875 0.713359375 0.008984375 0.1390625