1 0.3367578125 0.44046875 0.047578125 0.1263671875
0 0.2200390625 0.4515234375 0.0347265625 0.09328125
4 0.793515625 0.63734375 0.07875 0.092734375
4 0.800859375 0.398671875 0.0383203125 0.107109375
4 0.766875 0.483671875 0.02546875 0.0841015625
4 0.7023046875 0.475625 0.029609375 0.081796875
4 0.57984375 0.4696484375 0.0282421875 0.1525390625
1 0.6198046875 0.4901171875 0.02546875 0.1153125
3 0.46703125 0.5038671875 0.0369921875 0.142890625
5 0.463828125 0.6926953125 0.039765625 0.143671875
2 0.364765625 0.6745703125 0.0209375 0.1395703125