4 0.2293359375 0.40375 0.03125 0.0712890625
4 0.1888671875 0.622421875 0.0606640625 0.0674609375
0 0.754140625 0.461875 0.0330859375 0.0726171875
0 0.718515625 0.499296875 0.0491796875 0.0785546875
5 0.6114453125 0.49125 0.028046875 0.1130078125
2 0.553984375 0.4979296875 0.0326171875 0.1401171875
5 0.4901171875 0.472421875 0.024375 0.158046875
1 0.35109375 0.6233203125 0.026640625 0.1060546875
1 0.4126953125 0.4701171875 0.03953125 0.1258984375
0 0.2872265625 0.4496875 0.0367578125 0.1080078125
0 0.3577734375 0.453828125 0.035390625 0.0887109375