5 0.5619140625 0.31734375 0.0199609375 0.1374609375
5 0.556171875 0.5422265625 0.031484375 0.1323046875
1 0.423125 0.5507421875 0.054921875 0.1446875
1 0.454375 0.3616796875 0.0255078125 0.1296484375
1 0.365234375 0.364921875 0.0310546875 0.126875
0 0.3296484375 0.3787109375 0.0471484375 0.099296875
0 0.2825390625 0.36515625 0.0310546875 0.122734375
1 0.595234375 0.533046875 0.026875 0.1323046875
0 0.7960546875 0.4857421875 0.051640625 0.120390625
0 0.7289453125 0.3667578125 0.0277734375 0.0937890625
0 0.6744921875 0.3633203125 0.03375 0.0823046875
1 0.610625 0.3660546875 0.0438671875 0.14296875
3 0.5267578125 0.3515625 0.0278125 0.1829296875
3 0.5037890625 0.3552734375 0.01859375 0.13515625
2 0.50125 0.556484375 0.02734375 0.0964453125