0 0.2974609375 0.3736328125 0.0379296875 0.061640625
4 0.265078125 0.587734375 0.032890625 0.1037890625
4 0.3248046875 0.5753125 0.0420703125 0.1065234375
4 0.82109375 0.5925390625 0.02359375 0.108828125
1 0.790078125 0.3959375 0.0305078125 0.1016015625
2 0.615234375 0.4239453125 0.0162890625 0.1851953125
3 0.5646875 0.4244140625 0.0438671875 0.14015625
3 0.5269921875 0.4202734375 0.04203125 0.14109375
5 0.4989453125 0.4156640625 0.031953125 0.168671875
5 0.4617578125 0.4237109375 0.0218359375 0.1158203125
5 0.419921875 0.4212109375 0.0209375 0.106171875
5 0.3902734375 0.4184375 0.0213671875 0.1190234375
5 0.342265625 0.415234375 0.0586328125 0.1034375