4 0.76984375 0.638046875 0.06359375 0.1170703125
4 0.2202734375 0.6536328125 0.048984375 0.14828125
4 0.47390625 0.4322265625 0.023203125 0.183359375
5 0.57109375 0.44140625 0.038359375 0.1466015625
5 0.63109375 0.4344921875 0.0433984375 0.1419921875
0 0.7294140625 0.44578125 0.037890625 0.104765625
4 0.72828125 0.36421875 0.0585546875 0.084140625
4 0.2503515625 0.334140625 0.040234375 0.1296484375
0 0.2852734375 0.456328125 0.0365625 0.0799609375
2 0.3753515625 0.441640625 0.032890625 0.1424609375
2 0.4369140625 0.4285546875 0.0457421875 0.1392578125