1 0.24578125 0.5160546875 0.049453125 0.1075
1 0.427734375 0.5287109375 0.02734375 0.118984375
3 0.486796875 0.5303125 0.030546875 0.1083984375
1 0.5230859375 0.5277734375 0.0204296875 0.1355078125
1 0.3436328125 0.5429296875 0.0337890625 0.1198828125
1 0.377421875 0.7009765625 0.0140234375 0.105078125
5 0.4339453125 0.7041796875 0.0443359375 0.1574609375
0 0.2891796875 0.68859375 0.039765625 0.089453125
0 0.696796875 0.6812109375 0.036953125 0.074765625
0 0.7478125 0.652734375 0.0378515625 0.07296875
1 0.7181640625 0.4933203125 0.0383203125 0.112578125
5 0.630859375 0.54796875 0.0475390625 0.1575390625
3 0.574765625 0.5197265625 0.045703125 0.11484375