5 0.37375 0.5238671875 0.0434375 0.1323046875
3 0.5065625 0.529609375 0.0425 0.157578125
1 0.619375 0.5119140625 0.03375 0.1635546875
0 0.700703125 0.5323828125 0.04015625 0.1079296875
4 0.7870703125 0.6534375 0.0475 0.07890625
0 0.2124609375 0.6362109375 0.0241796875 0.076640625
0 0.230390625 0.546171875 0.032421875 0.09875
1 0.3130859375 0.679609375 0.032421875 0.0853515625
5 0.408203125 0.68421875 0.0296484375 0.1312890625
5 0.58421875 0.676640625 0.0415625 0.1096875
3 0.4764453125 0.702578125 0.0144921875 0.112890625