1 0.2740234375 0.5130859375 0.03703125 0.087734375
1 0.2280859375 0.5059765625 0.018671875 0.0873046875
5 0.4153125 0.5346484375 0.0301171875 0.12171875
3 0.47921875 0.5654296875 0.038359375 0.13734375
3 0.5069921875 0.5544140625 0.03421875 0.1152734375
1 0.572265625 0.530546875 0.0176953125 0.1042578125
0 0.62578125 0.5287109375 0.0282421875 0.118984375
1 0.681640625 0.4694140625 0.03421875 0.1015625
0 0.71265625 0.627265625 0.0273046875 0.0725
1 0.6131640625 0.668359375 0.053515625 0.0858203125
2 0.5428515625 0.69640625 0.0323828125 0.0775
4 0.261171875 0.668125 0.0296875 0.0715625