0 0.275859375 0.5018359375 0.0591015625 0.1066015625
2 0.358828125 0.53421875 0.0365625 0.13
5 0.4417578125 0.5280078125 0.0140234375 0.1130078125
1 0.5621484375 0.529609375 0.015859375 0.1208203125
1 0.6094921875 0.5397265625 0.046171875 0.141015625
2 0.75953125 0.4790625 0.0475 0.111640625
1 0.72 0.5121484375 0.0419921875 0.12265625
4 0.7951171875 0.618046875 0.068203125 0.146015625
5 0.549296875 0.7237109375 0.0452734375 0.1183984375
1 0.4920703125 0.73015625 0.0457421875 0.13125
3 0.50265625 0.5355859375 0.0208984375 0.086796875
1 0.3055078125 0.6545703125 0.040234375 0.113359375
4 0.226484375 0.618984375 0.0476171875 0.092734375