1 0.1816796875 0.4375 0.026953125 0.1617578125
0 0.3245703125 0.3963671875 0.0278125 0.130078125
5 0.372578125 0.3823828125 0.0457421875 0.1433984375
3 0.466328125 0.4083203125 0.031015625 0.17234375
3 0.5265234375 0.395234375 0.0319140625 0.1323828125
5 0.63796875 0.3725 0.0480078125 0.1558203125
3 0.70046875 0.383515625 0.044296875 0.104375
0 0.7730859375 0.395 0.0240625 0.118125
4 0.80109375 0.6132421875 0.0709375 0.085859375
4 0.1731640625 0.6171484375 0.0512890625 0.0890625
2 0.3902734375 0.6481640625 0.039765625 0.1005078125
2 0.5021875 0.6208203125 0.047578125 0.114765625