0 0.2981640625 0.4156640625 0.025546875 0.113515625
0 0.4346484375 0.422578125 0.031953125 0.136484375
3 0.5267578125 0.437734375 0.0278125 0.1576171875
3 0.5515625 0.4471484375 0.022265625 0.1534765625
2 0.5885546875 0.441640625 0.018125 0.1424609375
1 0.6522265625 0.4634765625 0.030546875 0.1171875
1 0.7374609375 0.498359375 0.04015625 0.1134765625
0 0.7760546875 0.6251953125 0.043828125 0.091328125
0 0.683671875 0.625390625 0.052109375 0.1055859375
0 0.626484375 0.618046875 0.03421875 0.12765625
0 0.6007421875 0.621015625 0.037890625 0.1473828125
0 0.4621875 0.6008203125 0.0135546875 0.162109375
1 0.432109375 0.6123046875 0.0223046875 0.1575
1 0.2765625 0.5470703125 0.0466796875 0.1005859375