0 0.664375 0.6123046875 0.0319140625 0.1207421875
3 0.54859375 0.736796875 0.0208984375 0.1399609375
3 0.483125 0.7432421875 0.0416015625 0.134453125
3 0.400625 0.7319921875 0.0374609375 0.15328125
5 0.42015625 0.55765625 0.0535546875 0.094140625
1 0.2191015625 0.58015625 0.032890625 0.1299609375
0 0.2742578125 0.591640625 0.032890625 0.08859375
0 0.1883203125 0.71890625 0.0356640625 0.13171875
0 0.7797265625 0.59234375 0.0328125 0.0762109375
0 0.72 0.753828125 0.0236328125 0.09125
4 0.5306640625 0.5746484375 0.031015625 0.100546875