5 0.576171875 0.5128515625 0.0208984375 0.165390625
5 0.6322265625 0.5018359375 0.022734375 0.1066015625
0 0.7213671875 0.51421875 0.0355859375 0.0854296875
0 0.77765625 0.4990625 0.03328125 0.0826953125
0 0.82109375 0.46921875 0.02359375 0.0689453125
0 0.8222265625 0.60609375 0.0580859375 0.085390625
0 0.7634375 0.6701953125 0.0507421875 0.0894921875
5 0.599609375 0.6828515625 0.021796875 0.082578125
5 0.540078125 0.6901953125 0.026875 0.097265625
1 0.4913671875 0.5371875 0.039765625 0.149765625
1 0.428671875 0.5277734375 0.0291796875 0.1355078125
1 0.39375 0.54109375 0.032890625 0.0978125
1 0.369375 0.5197265625 0.0301171875 0.133203125
0 0.302734375 0.50296875 0.0347265625 0.104296875
0 0.251953125 0.48734375 0.048046875 0.073046875
0 0.20140625 0.4834375 0.0388671875 0.06984375
1 0.413046875 0.6745703125 0.016328125 0.0844140625
2 0.3716796875 0.6704296875 0.0255078125 0.0853515625
0 0.2671484375 0.6520703125 0.0508203125 0.0669921875