4 0.1780078125 0.4703515625 0.056328125 0.1217578125
4 0.1784375 0.638046875 0.0480859375 0.098671875
4 0.8171875 0.4620703125 0.0571484375 0.1419921875
4 0.8194921875 0.663984375 0.052578125 0.10921875
5 0.6317578125 0.536484375 0.049375 0.1621484375
2 0.3415625 0.51375 0.0342578125 0.13046875
4 0.41671875 0.5103125 0.0604296875 0.1741015625
1 0.5506640625 0.52546875 0.0204296875 0.1584765625
5 0.44796875 0.6892578125 0.031015625 0.1505859375
2 0.652890625 0.7232421875 0.0365234375 0.1450390625
0 0.27609375 0.5387890625 0.0365625 0.1208203125