0 0.3211328125 0.433828125 0.0530859375 0.0992578125
5 0.432109375 0.4310546875 0.0406640625 0.1121484375
3 0.505625 0.4432421875 0.0223046875 0.0951171875
1 0.5394140625 0.418203125 0.0208984375 0.1231640625
5 0.5812109375 0.395 0.0401953125 0.1365234375
0 0.696796875 0.4212109375 0.01859375 0.0878125
0 0.7478125 0.394765625 0.0194921875 0.0855078125
5 0.5897265625 0.579921875 0.03421875 0.1341015625
1 0.5474609375 0.607265625 0.0415625 0.11984375
4 0.4396875 0.59578125 0.0328515625 0.124453125
4 0.743203125 0.5507421875 0.0470703125 0.0895703125