1 0.2642578125 0.5365234375 0.027578125 0.10703125
1 0.480234375 0.55578125 0.0367578125 0.1272265625
2 0.64890625 0.5199609375 0.0340234375 0.1291015625
2 0.5682421875 0.549140625 0.0335546875 0.118515625
2 0.3940625 0.541796875 0.043671875 0.1221875
1 0.628671875 0.6968359375 0.0303125 0.124375
1 0.793671875 0.6327734375 0.03859375 0.083515625
0 0.726796875 0.5123828125 0.0289453125 0.0817578125
1 0.4409375 0.690390625 0.027109375 0.1298828125
0 0.2676953125 0.663984375 0.0390625 0.0725
4 0.2051953125 0.6704296875 0.042734375 0.066953125