2 0.5714453125 0.5658984375 0.03078125 0.202578125
5 0.6107421875 0.575078125 0.0220703125 0.1658203125
5 0.5135546875 0.5626953125 0.0252734375 0.1685546875
3 0.4517578125 0.5576171875 0.0165625 0.1308984375
5 0.3258203125 0.556015625 0.0404296875 0.15984375
5 0.2479296875 0.594609375 0.027109375 0.108359375
4 0.1861328125 0.7510546875 0.0367578125 0.0857421875
4 0.761484375 0.753828125 0.0478125 0.09125
1 0.3885546875 0.572578125 0.0326171875 0.17453125
1 0.4990625 0.7515234375 0.0284765625 0.1509765625
1 0.59078125 0.7774609375 0.0142578125 0.10640625
0 0.2513671875 0.7519921875 0.020234375 0.087578125