2 0.707578125 0.487109375 0.044765625 0.1323046875
4 0.766875 0.61875 0.0622265625 0.096875
5 0.411875 0.5162890625 0.0369921875 0.12171875
1 0.370078125 0.5162890625 0.0544921875 0.1584765625
3 0.5003515625 0.513984375 0.0255078125 0.1447265625
2 0.5614453125 0.5135546875 0.0098828125 0.0978515625
5 0.6237109375 0.50203125 0.0287109375 0.1208203125
1 0.2696484375 0.5266015625 0.0347265625 0.0606640625
5 0.444296875 0.721171875 0.0420703125 0.10875
0 0.2322265625 0.66078125 0.0581640625 0.0899609375
0 0.40015625 0.7124609375 0.02734375 0.1188671875