0 0.7176953125 0.3936328125 0.0466015625 0.1062109375
1 0.5187109375 0.395703125 0.0438671875 0.160859375
1 0.4466015625 0.398203125 0.0190625 0.1631640625
0 0.3553515625 0.38421875 0.025078125 0.091953125
4 0.2609375 0.402109375 0.0521875 0.11859375
0 0.6786328125 0.5516796875 0.0328125 0.0730078125
5 0.552265625 0.6081640625 0.046640625 0.1216796875
5 0.5044921875 0.6086328125 0.0245703125 0.1685546875
5 0.436015625 0.6037890625 0.0255078125 0.12671875
0 0.327578125 0.5658984375 0.02921875 0.07390625
2 0.4171875 0.3959375 0.0337890625 0.15671875