4 0.167734375 0.471484375 0.05515625 0.119453125
4 0.18453125 0.6504296875 0.0289453125 0.114296875
4 0.82765625 0.4721875 0.051484375 0.143828125
4 0.8382421875 0.667890625 0.0634375 0.0940625
2 0.596953125 0.5248046875 0.03125 0.1157421875
2 0.5216015625 0.533046875 0.0459375 0.1506640625
2 0.4230078125 0.5319140625 0.055625 0.15296875
2 0.3421484375 0.5284765625 0.0408984375 0.15984375
0 0.27046875 0.5422265625 0.0445703125 0.1323046875
0 0.4669140625 0.6848828125 0.0376953125 0.173984375
1 0.5634375 0.699140625 0.046875 0.119765625