4 0.2363671875 0.449921875 0.05359375 0.1038671875
4 0.2375 0.62515625 0.0512890625 0.1097265625
4 0.7519140625 0.461640625 0.036953125 0.0951171875
2 0.6912890625 0.523203125 0.0259375 0.1079296875
5 0.5970703125 0.53765625 0.030546875 0.1047265625
5 0.579375 0.53671875 0.018125 0.12125
3 0.5308984375 0.525234375 0.026875 0.1075
3 0.4913671875 0.521796875 0.0213671875 0.114375
3 0.4224609375 0.5096484375 0.0305859375 0.1130078125
2 0.3670703125 0.5360546875 0.016328125 0.0969140625
0 0.498515625 0.6759375 0.0218359375 0.1147265625
2 0.614296875 0.68765625 0.0512109375 0.124375
0 0.6712890625 0.6931640625 0.018125 0.0802734375
2 0.4056640625 0.7092578125 0.0383984375 0.1216015625
0 0.3551171875 0.714296875 0.02921875 0.08578125
0 0.2827734375 0.679375 0.0269140625 0.0894921875
1 0.2834375 0.5162890625 0.032890625 0.103359375