0 0.30828125 0.433828125 0.0457421875 0.11765625
0 0.49390625 0.4990625 0.031015625 0.1378125
5 0.4644921875 0.4898828125 0.02734375 0.119453125
3 0.4991796875 0.4928515625 0.0278125 0.1208203125
3 0.5421484375 0.4903515625 0.02640625 0.1295703125
3 0.6005078125 0.4765625 0.0236328125 0.13875
1 0.64875 0.46484375 0.037421875 0.1291015625
0 0.7208984375 0.4391015625 0.043828125 0.0960546875
4 0.7923828125 0.56453125 0.0626953125 0.117109375
1 0.3762890625 0.6153125 0.0347265625 0.085390625
5 0.4571484375 0.6548046875 0.031015625 0.164375
2 0.396015625 0.4940234375 0.0098828125 0.10015625