2 0.2779296875 0.51375 0.040234375 0.13046875
0 0.23265625 0.6508984375 0.0278515625 0.08765625
1 0.50171875 0.5512109375 0.0558203125 0.1731640625
2 0.575234375 0.5498046875 0.0484765625 0.102421875
0 0.634765625 0.5241015625 0.0507421875 0.1281640625
0 0.6823046875 0.529609375 0.0401953125 0.102421875
0 0.7144921875 0.5096484375 0.0309765625 0.1130078125
4 0.7825 0.66765625 0.05671875 0.07984375
4 0.676796875 0.61578125 0.01078125 0.00359375
1 0.7337890625 0.6768359375 0.0512109375 0.1349609375
1 0.5223828125 0.679375 0.0328515625 0.1262109375
2 0.4844921875 0.70671875 0.03515625 0.09359375
0 0.2908203125 0.6966015625 0.02921875 0.0733984375