2 0.660859375 0.451953125 0.0211328125 0.1217578125
2 0.42875 0.453359375 0.0257421875 0.07859375
2 0.386484375 0.4505859375 0.0330859375 0.0914453125
3 0.5262109375 0.4565625 0.0367578125 0.1309765625
3 0.5643359375 0.484609375 0.0303125 0.104296875
0 0.756875 0.453828125 0.020234375 0.0703125
0 0.7720703125 0.6012890625 0.02296875 0.0987109375
0 0.624296875 0.630703125 0.035390625 0.1023828125
0 0.4942578125 0.65203125 0.0234375 0.10375
0 0.4076171875 0.6079296875 0.03859375 0.107421875
0 0.3414453125 0.568203125 0.0533203125 0.0693359375