2 0.43875 0.513984375 0.0494140625 0.10796875
3 0.49484375 0.5277734375 0.0144921875 0.1171484375
2 0.579609375 0.5167578125 0.013984375 0.1318359375
5 0.615234375 0.5167578125 0.0346875 0.1134765625
0 0.6832421875 0.525703125 0.0236328125 0.080859375
1 0.7608984375 0.491015625 0.04109375 0.0987890625
4 0.782265625 0.6552734375 0.0424609375 0.1009765625
4 0.20578125 0.6708984375 0.0521875 0.0587109375
1 0.4709375 0.7009765625 0.0218359375 0.105078125
2 0.634765625 0.6982421875 0.0323828125 0.0812109375
2 0.5848828125 0.7184375 0.0291796875 0.1216015625