1 0.23828125 0.5365234375 0.0169921875 0.10703125
1 0.4158984375 0.529140625 0.0183984375 0.1474609375
3 0.4933203125 0.5397265625 0.04 0.12265625
5 0.54296875 0.5328125 0.0105859375 0.118046875
5 0.6309765625 0.5312109375 0.0257421875 0.110234375
5 0.6817578125 0.480234375 0.03171875 0.0799609375
4 0.6980859375 0.63046875 0.042265625 0.091796875
1 0.620859375 0.6821484375 0.02390625 0.095
3 0.50875 0.6690625 0.03859375 0.11015625
2 0.38375 0.7002734375 0.027578125 0.1175
4 0.2708984375 0.668828125 0.0546875 0.114296875