3 0.36625 0.5751171875 0.0294140625 0.0923046875
5 0.4721875 0.57140625 0.034453125 0.140078125
3 0.543671875 0.592109375 0.0165625 0.117109375
2 0.5771875 0.58359375 0.0009375 0.1230859375
2 0.63765625 0.5824609375 0.01609375 0.0886328125
2 0.7357421875 0.5783203125 0.0330859375 0.1079296875
4 0.7745703125 0.734765625 0.051015625 0.0853125
4 0.2559765625 0.4965625 0.0294140625 0.073046875
4 0.2401171875 0.7363671875 0.0390625 0.0747265625
2 0.4933203125 0.7586328125 0.0216015625 0.096328125
2 0.57765625 0.7887109375 0.011015625 0.1059375
2 0.6328125 0.7816015625 0.0294140625 0.1055078125
0 0.663125 0.752890625 0.0165625 0.0894140625