0 0.222109375 0.4816015625 0.034296875 0.08453125
2 0.3489453125 0.4946875 0.0305859375 0.142890625
5 0.5120703125 0.5194921875 0.03515625 0.1557421875
0 0.6788671875 0.5362890625 0.028671875 0.111171875
0 0.735390625 0.549609375 0.040625 0.110234375
0 0.7645703125 0.681015625 0.0300390625 0.060546875
5 0.5106640625 0.687421875 0.0416015625 0.11015625
1 0.4040625 0.679375 0.0305859375 0.1262109375
0 0.3401953125 0.6984375 0.040703125 0.0954296875
0 0.2319921875 0.6481640625 0.040234375 0.0821484375
5 0.4102734375 0.498125 0.0291796875 0.172734375
1 0.6234765625 0.5197265625 0.0328515625 0.1516015625