0 0.2579296875 0.4092578125 0.0140625 0.0823046875
5 0.40453125 0.422109375 0.0406640625 0.1080078125
1 0.45828125 0.417734375 0.047109375 0.0946875
1 0.59890625 0.4462109375 0.03421875 0.13328125
2 0.561015625 0.4503515625 0.018125 0.113984375
2 0.2974609375 0.579921875 0.0379296875 0.09734375
5 0.412109375 0.59921875 0.0328515625 0.1359375
2 0.4810546875 0.5966796875 0.023671875 0.107890625
2 0.5660546875 0.6113671875 0.0190625 0.1373046875
1 0.6637109375 0.6619140625 0.0443359375 0.1464453125
1 0.712890625 0.6446875 0.0415625 0.0890234375
4 0.7448046875 0.4774609375 0.036484375 0.103828125