0 0.7023046875 0.4627734375 0.04796875 0.0928125
0 0.6703515625 0.4776953125 0.0162890625 0.0997265625
2 0.56859375 0.4946875 0.0287109375 0.087734375
2 0.5035546875 0.48390625 0.022734375 0.0983203125
3 0.458984375 0.5275390625 0.016328125 0.08453125
5 0.4240625 0.4965234375 0.0383984375 0.0914453125
0 0.302734375 0.513984375 0.016328125 0.0895703125
5 0.413046875 0.6389453125 0.0347265625 0.11890625
0 0.6584375 0.6378125 0.029140625 0.1028125
4 0.73953125 0.5996875 0.021328125 0.0908984375
1 0.34984375 0.52203125 0.032421875 0.110234375