1 0.603515625 0.4742578125 0.0433984375 0.1249609375
3 0.5465234375 0.4884765625 0.0397265625 0.1258984375
3 0.5035546875 0.471015625 0.022734375 0.14609375
5 0.4571484375 0.4634375 0.0494140625 0.1723046875
1 0.388671875 0.4747265625 0.031953125 0.135078125
1 0.3034375 0.40671875 0.040703125 0.1277734375
1 0.2542578125 0.4340625 0.025078125 0.113515625
0 0.2071875 0.511484375 0.0273828125 0.079921875
2 0.699296875 0.6113671875 0.0466015625 0.1373046875
5 0.594296875 0.61921875 0.0433984375 0.106953125
3 0.497109375 0.614375 0.0282421875 0.1019140625
3 0.4617578125 0.621484375 0.0401953125 0.139140625
2 0.419921875 0.641015625 0.039296875 0.1184375
2 0.364765625 0.6279296875 0.0209375 0.096875
0 0.8275390625 0.3578125 0.05484375 0.0896875
4 0.8498046875 0.498828125 0.0396875 0.0868359375