0 0.669453125 0.414765625 0.0512109375 0.1116796875
0 0.221875 0.6894921875 0.056796875 0.128046875
5 0.3682421875 0.440703125 0.05078125 0.1222265625
3 0.4415234375 0.4469140625 0.0365234375 0.120859375
3 0.51046875 0.3897265625 0.0089453125 0.029453125
5 0.5221875 0.4505859375 0.0369921875 0.0914453125
0 0.5667578125 0.442578125 0.0250390625 0.0891796875
1 0.724375 0.6288671875 0.036953125 0.0987109375
2 0.543984375 0.68421875 0.0484765625 0.1312890625
1 0.46265625 0.6655859375 0.0420703125 0.11703125
1 0.380859375 0.6616796875 0.0255078125 0.09546875