0 0.3214453125 0.4234765625 0.0455078125 0.1199609375
3 0.4140625 0.468046875 0.0146875 0.10796875
3 0.5091796875 0.48 0.0303125 0.131875
3 0.6038671875 0.4786328125 0.0174609375 0.119921875
1 0.649140625 0.46734375 0.0298828125 0.120390625
0 0.731171875 0.4094921875 0.02390625 0.0965234375
4 0.7674609375 0.561796875 0.0321875 0.07484375
4 0.2621875 0.560859375 0.04640625 0.128125
1 0.39015625 0.63046875 0.0220703125 0.1248828125
3 0.4988671875 0.6559375 0.0142578125 0.1437109375
2 0.55375 0.661015625 0.0367578125 0.12625
1 0.6224609375 0.6469921875 0.03171875 0.1395703125