4 0.366171875 0.44875 0.032890625 0.1796484375
0 0.27171875 0.4312890625 0.041640625 0.1263671875
0 0.2427734375 0.410390625 0.048046875 0.1351171875
0 0.201875 0.403515625 0.030625 0.130546875
0 0.1917578125 0.5397265625 0.065546875 0.0858984375
0 0.75515625 0.4126953125 0.0341796875 0.0937890625
1 0.730546875 0.46484375 0.0355859375 0.1107421875
2 0.6051171875 0.4581640625 0.0512109375 0.19390625
5 0.56328125 0.471484375 0.0319140625 0.1378515625
2 0.4502734375 0.67640625 0.0264453125 0.12484375
2 0.5653515625 0.717265625 0.031484375 0.12390625
1 0.6740234375 0.688125 0.04203125 0.1344921875
1 0.4178515625 0.699609375 0.058125 0.1298828125
3 0.5086328125 0.521328125 0.04203125 0.141015625
3 0.47484375 0.4972265625 0.0250390625 0.134140625