1 0.221640625 0.5580859375 0.0241796875 0.1042578125
1 0.3216015625 0.579453125 0.0264453125 0.0872265625
5 0.369140625 0.568203125 0.015859375 0.1612109375
3 0.467265625 0.583828125 0.0218359375 0.159375
3 0.5118359375 0.591171875 0.0208984375 0.1152734375
2 0.59546875 0.5551171875 0.0213671875 0.139609375
5 0.623515625 0.5695703125 0.0223046875 0.154765625
0 0.65796875 0.5773828125 0.0190625 0.10609375
0 0.696328125 0.57671875 0.0268359375 0.08171875
0 0.74984375 0.56453125 0.037421875 0.09875
0 0.8026953125 0.5165234375 0.0419921875 0.080859375
2 0.638203125 0.6858203125 0.02546875 0.10234375
2 0.4876953125 0.679140625 0.0323828125 0.1303515625
2 0.3328515625 0.695234375 0.0259765625 0.1165625
2 0.296328125 0.6977734375 0.040234375 0.1078515625
0 0.1851171875 0.5431640625 0.0200390625 0.078984375