0 0.1814453125 0.44921875 0.0356640625 0.1346484375
0 0.2310546875 0.423046875 0.024609375 0.10984375
1 0.3160546875 0.4393359375 0.0383984375 0.1470703125
1 0.403828125 0.4129296875 0.039296875 0.1815234375
3 0.4640234375 0.418203125 0.0401953125 0.1231640625
3 0.525625 0.4009765625 0.0346875 0.1944140625
5 0.5809765625 0.3931640625 0.030546875 0.169609375
1 0.669921875 0.4140625 0.029140625 0.160859375
1 0.734921875 0.442109375 0.0351171875 0.097421875
4 0.79375 0.5773828125 0.060859375 0.10609375
1 0.388671875 0.6237890625 0.0365625 0.13453125
2 0.4284375 0.6134765625 0.0379296875 0.100078125
3 0.4798828125 0.6394140625 0.030546875 0.110625
3 0.5042578125 0.6196484375 0.014921875 0.0987109375
0 0.6896875 0.630703125 0.04109375 0.1023828125