2 0.3973046875 0.4887109375 0.0225 0.1401171875
3 0.512421875 0.503203125 0.027578125 0.1552734375
2 0.5870703125 0.475390625 0.043671875 0.1594140625
2 0.6498046875 0.45703125 0.035859375 0.1778125
2 0.71 0.476328125 0.0367578125 0.1612890625
4 0.79984375 0.38421875 0.0372265625 0.1287109375
1 0.226796875 0.4551953125 0.0216015625 0.100625
1 0.3341015625 0.4510546875 0.03859375 0.1383203125
5 0.4625390625 0.69890625 0.024375 0.21578125
2 0.596953125 0.6894921875 0.0128515625 0.1096875
1 0.73140625 0.6435546875 0.019765625 0.1280859375
4 0.7982421875 0.633671875 0.0294140625 0.0853515625