5 0.404765625 0.4312890625 0.0181640625 0.144765625
5 0.541015625 0.4241796875 0.0287109375 0.1259375
5 0.5968359375 0.4276171875 0.0346875 0.1741796875
5 0.6540625 0.42140625 0.0158203125 0.10203125
5 0.750546875 0.4405078125 0.0433984375 0.1080078125
4 0.8059375 0.55765625 0.0576171875 0.07578125
1 0.3394921875 0.4549609375 0.0347265625 0.1231640625
3 0.458984375 0.4391015625 0.016328125 0.1144140625
3 0.48953125 0.4662109375 0.0360546875 0.1410546875
1 0.29953125 0.421875 0.0375 0.1121484375
1 0.2400390625 0.4579296875 0.0241796875 0.1061328125
1 0.18625 0.4368359375 0.0361328125 0.082265625
4 0.117578125 0.5365234375 0.041171875 0.10703125
2 0.411640625 0.6325390625 0.0411328125 0.1060546875