5 0.4258984375 0.329296875 0.023671875 0.14296875
5 0.4571484375 0.3545703125 0.031015625 0.1659375
3 0.516640625 0.3623828125 0.0259765625 0.153984375
5 0.5690234375 0.3655859375 0.0204296875 0.2063671875
5 0.5970703125 0.3548046875 0.030546875 0.1801953125
2 0.6859765625 0.3890234375 0.029140625 0.13375
2 0.7301171875 0.395 0.02546875 0.1365234375
0 0.770078125 0.3936328125 0.0226953125 0.1062109375
0 0.8128125 0.3966015625 0.02546875 0.1259375
5 0.4302734375 0.580625 0.0186328125 0.140078125
2 0.5931640625 0.5895703125 0.02734375 0.14421875
3 0.5001171875 0.5875 0.0296484375 0.107890625
3 0.5304296875 0.57671875 0.03515625 0.1184765625
4 0.2198046875 0.622421875 0.0388671875 0.10421875
4 0.193828125 0.540625 0.0466796875 0.10609375
4 0.2586328125 0.3867578125 0.0383984375 0.1016015625
0 0.307109375 0.3899609375 0.0296875 0.098828125
1 0.342734375 0.364921875 0.031953125 0.108515625