5 0.4339453125 0.486640625 0.0291796875 0.2324609375
3 0.485625 0.5103125 0.0328515625 0.1925
3 0.517109375 0.5394921875 0.0176953125 0.14515625
5 0.5619140625 0.5011328125 0.0199609375 0.1557421875
1 0.62671875 0.4965234375 0.030078125 0.164921875
0 0.696796875 0.4735546875 0.01859375 0.100625
0 0.7457421875 0.41890625 0.0199609375 0.129140625
4 0.810078125 0.5746484375 0.0383203125 0.100546875
4 0.226484375 0.3387109375 0.02921875 0.102109375
0 0.3057421875 0.43796875 0.03609375 0.1534765625
2 0.370546875 0.4790625 0.0278125 0.18515625
5 0.4293359375 0.7041796875 0.03515625 0.1574609375
5 0.4553125 0.7051171875 0.02734375 0.1408984375
5 0.57203125 0.7572265625 0.0255078125 0.1799609375
5 0.6133984375 0.7273828125 0.031015625 0.1441015625
5 0.65265625 0.7090234375 0.022265625 0.1257421875
5 0.6935546875 0.706953125 0.021328125 0.1262109375
1 0.3951171875 0.68671875 0.008046875 0.1409375
1 0.3608984375 0.6959375 0.0176953125 0.1408984375