2 0.253125 0.47265625 0.04578125 0.135546875
5 0.3948828125 0.5231640625 0.0489453125 0.1446875
5 0.51390625 0.553515625 0.0204296875 0.1501953125
5 0.5612109375 0.546171875 0.0323828125 0.117109375
5 0.61796875 0.5390234375 0.021796875 0.1350390625
5 0.65703125 0.5167578125 0.0355859375 0.095078125
4 0.77421875 0.6699609375 0.0548828125 0.1119921875
4 0.1887890625 0.606328125 0.064140625 0.08125
1 0.4380859375 0.6621484375 0.0434375 0.160703125
5 0.5148046875 0.687421875 0.022265625 0.11015625
5 0.6721875 0.695 0.038359375 0.120703125
2 0.6317578125 0.7119921875 0.0309765625 0.090390625
0 0.7218359375 0.5 0.045703125 0.1212890625