4 0.2310546875 0.5776171875 0.0383984375 0.101953125
0 0.84703125 0.4184375 0.0709375 0.137421875
4 0.8383203125 0.5673046875 0.044296875 0.1042578125
5 0.6251171875 0.40578125 0.0406640625 0.1626953125
3 0.5708984375 0.413828125 0.0241015625 0.1466015625
5 0.4888671875 0.397734375 0.0301171875 0.1971484375
0 0.3866015625 0.4358984375 0.032421875 0.1355859375
0 0.2969921875 0.407421875 0.0462109375 0.13375
1 0.23265625 0.391796875 0.0462109375 0.1025
1 0.4886328125 0.57875 0.03421875 0.154765625
2 0.5890234375 0.5875 0.0282421875 0.1446484375
2 0.642578125 0.621484375 0.0204296875 0.1575
2 0.6775 0.6320703125 0.0167578125 0.1510546875