5 0.43578125 0.406484375 0.06640625 0.168671875
5 0.610859375 0.3862890625 0.0397265625 0.146640625
3 0.525390625 0.40578125 0.03421875 0.1259375
3 0.490703125 0.40328125 0.0337890625 0.153046875
0 0.6795703125 0.367890625 0.0346484375 0.0915234375
0 0.7365234375 0.3701953125 0.0383203125 0.1052734375
4 0.7921484375 0.5438671875 0.0300390625 0.103359375
4 0.21703125 0.54203125 0.0517578125 0.0996484375
5 0.362265625 0.4232421875 0.0296484375 0.105703125
5 0.3983203125 0.6155078125 0.023671875 0.154765625
5 0.611328125 0.6113671875 0.04984375 0.1556640625
0 0.295859375 0.39546875 0.0301171875 0.091484375
0 0.2246484375 0.3738671875 0.0623046875 0.1126171875
1 0.56328125 0.398671875 0.0319140625 0.1438671875
2 0.4964453125 0.625625 0.0223046875 0.11984375