0 0.0846875 0.4478515625 0.0444140625 0.0859375
0 0.1538671875 0.468984375 0.049453125 0.0914453125
2 0.432109375 0.5011328125 0.0406640625 0.100625
2 0.454375 0.6931640625 0.0255078125 0.0802734375
2 0.664609375 0.463671875 0.046171875 0.13140625
3 0.5472265625 0.5133203125 0.045703125 0.1019921875
0 0.930234375 0.4386328125 0.0442578125 0.1043359375
0 0.8796875 0.441640625 0.035078125 0.0689453125
0 0.8114453125 0.4669140625 0.0686328125 0.073515625
2 0.7478125 0.4503515625 0.0378515625 0.0955859375
0 0.10515625 0.6086328125 0.0439453125 0.076640625