5 0.559375 0.50203125 0.047109375 0.1759375
4 0.8302734375 0.6318359375 0.0419921875 0.100078125
0 0.20921875 0.5371875 0.0269140625 0.1130078125
2 0.4084375 0.52546875 0.04390625 0.1584765625
1 0.4695703125 0.536953125 0.02828125 0.1355078125
5 0.346640625 0.53671875 0.0351953125 0.1580078125
0 0.76734375 0.5096484375 0.0355859375 0.0946484375
1 0.6696875 0.540859375 0.0287109375 0.1203515625
1 0.5653515625 0.72140625 0.04984375 0.1413671875
2 0.3714453125 0.7542578125 0.0296484375 0.138125
4 0.1658203125 0.6394140625 0.0366015625 0.1290234375