5 0.44625 0.340078125 0.02390625 0.1875390625
3 0.496328125 0.36125 0.02296875 0.1379296875
3 0.531484375 0.34953125 0.01515625 0.12828125
1 0.5884765625 0.333203125 0.0372265625 0.1462109375
0 0.2486328125 0.3274609375 0.051484375 0.1025390625
1 0.71578125 0.5666015625 0.051015625 0.1497265625
2 0.581796875 0.59390625 0.0101171875 0.1575390625
2 0.62203125 0.59140625 0.0216015625 0.1294921875
3 0.4942578125 0.6021875 0.0234375 0.1373046875
2 0.4400390625 0.6005859375 0.0252734375 0.1478515625
2 0.3956640625 0.592109375 0.0146875 0.13546875