2 0.7137109375 0.4891796875 0.0257421875 0.0951171875
0 0.7173828125 0.6247265625 0.051484375 0.08125
4 0.4347265625 0.6899609375 0.0284765625 0.1198046875
2 0.3099609375 0.68078125 0.03171875 0.10140625
2 0.30375 0.5243359375 0.0330859375 0.087265625
0 0.422109375 0.4946875 0.05375 0.142890625
3 0.507578125 0.5103125 0.0225 0.100625
3 0.5574609375 0.5004296875 0.0257421875 0.1681640625
1 0.6158203125 0.502265625 0.0413671875 0.0983203125
1 0.671875 0.4974609375 0.0248046875 0.111640625
0 0.27296875 0.5055078125 0.035859375 0.095546875