0 0.3008984375 0.3775390625 0.0310546875 0.1016015625
5 0.4139453125 0.367890625 0.0365625 0.146640625
5 0.62625 0.3963671875 0.038359375 0.1484375
5 0.6915234375 0.410625 0.021796875 0.1309765625
0 0.7252734375 0.42234375 0.0387890625 0.1038671875
0 0.78890625 0.4039453125 0.0328125 0.122265625
0 0.8041015625 0.55625 0.035546875 0.0821875
5 0.4261328125 0.556953125 0.0379296875 0.1065625
4 0.24484375 0.5893359375 0.0476171875 0.093203125
4 0.3201953125 0.5516796875 0.032890625 0.109765625
4 0.606015625 0.5619921875 0.0346875 0.125859375
3 0.528828125 0.392265625 0.045703125 0.0942578125
3 0.560546875 0.4021484375 0.02640625 0.1001953125
1 0.4488671875 0.4156640625 0.0328515625 0.113515625
2 0.3514453125 0.395 0.0218359375 0.0630078125