1 0.5753515625 0.4363671875 0.0523828125 0.1273046875
0 0.4319921875 0.4140625 0.0413671875 0.1241015625
0 0.3267578125 0.445078125 0.02390625 0.1171875
4 0.2369140625 0.3428515625 0.0418359375 0.0644140625
4 0.2247265625 0.64609375 0.0404296875 0.1009765625
4 0.7633203125 0.628828125 0.0330859375 0.1170703125
4 0.7403515625 0.3672265625 0.0606640625 0.085546875
0 0.6996875 0.423046875 0.0206640625 0.0730859375
1 0.57859375 0.633671875 0.03125 0.177265625
1 0.4519921875 0.636640625 0.03078125 0.141875
1 0.395 0.6171484375 0.027109375 0.1258203125