4 0.7677734375 0.598515625 0.0273046875 0.1115625
4 0.237265625 0.6054296875 0.03703125 0.0794140625
4 0.23796875 0.307265625 0.024609375 0.117265625
0 0.3394921875 0.4200390625 0.0347265625 0.1268359375
5 0.411640625 0.3970703125 0.0227734375 0.1544140625
5 0.4651953125 0.4119921875 0.014921875 0.161328125
3 0.514140625 0.4166015625 0.016328125 0.1705078125
3 0.532265625 0.4356640625 0.0204296875 0.1580859375
5 0.57109375 0.429453125 0.0199609375 0.1962109375
2 0.645546875 0.415 0.021796875 0.1626953125
0 0.677265625 0.430390625 0.020859375 0.1429296875
0 0.71609375 0.423046875 0.0204296875 0.1282421875
4 0.742734375 0.360546875 0.0553125 0.076796875
4 0.440625 0.6079296875 0.016328125 0.1441796875
5 0.5787109375 0.6318359375 0.0121484375 0.1368359375