5 0.3604296875 0.559921875 0.044375 0.163046875
5 0.5148046875 0.552578125 0.022265625 0.148359375
5 0.6048828125 0.5424609375 0.01859375 0.18328125
1 0.6673828125 0.5243359375 0.03328125 0.142421875
0 0.72828125 0.5018359375 0.0585546875 0.088203125
4 0.75859375 0.6325390625 0.0273046875 0.08765625
4 0.1998046875 0.5050390625 0.0310546875 0.0670703125
4 0.4541796875 0.753125 0.01125 0.1404296875
1 0.5582421875 0.7195703125 0.031015625 0.1009375
1 0.47875 0.5930078125 0.0098828125 0.1189453125
1 0.4964453125 0.7391015625 0.0223046875 0.1169921875