5 0.636015625 0.3127734375 0.026640625 0.12828125
2 0.5379296875 0.386953125 0.04640625 0.13421875
3 0.4898828125 0.3789453125 0.0652734375 0.1135546875
1 0.3878515625 0.359375 0.0450390625 0.1709765625
0 0.308828125 0.3814453125 0.0340234375 0.123203125
0 0.2669921875 0.363984375 0.0330859375 0.1250390625
1 0.4409375 0.5551171875 0.00875 0.1763671875
5 0.629140625 0.5348828125 0.0404296875 0.1543359375
0 0.71140625 0.5089453125 0.0303125 0.1254296875
1 0.534453125 0.54109375 0.034921875 0.15296875
1 0.241953125 0.48828125 0.024375 0.111640625