1 0.578828125 0.355703125 0.027109375 0.18203125
2 0.6863671875 0.3559375 0.0216015625 0.1411328125
1 0.3694921875 0.333203125 0.026640625 0.201328125
2 0.2945703125 0.3430859375 0.0330859375 0.078671875
4 0.198984375 0.537421875 0.0257421875 0.1088671875
4 0.832265625 0.5866015625 0.0606640625 0.1060546875
1 0.7049609375 0.6318359375 0.035859375 0.0816796875
2 0.5792578125 0.602421875 0.018828125 0.1331640625
1 0.546640625 0.56890625 0.0179296875 0.1487890625
1 0.487578125 0.35203125 0.0146875 0.1379296875
5 0.4112890625 0.3426171875 0.0459375 0.123671875