2 0.287109375 0.372734375 0.021875 0.1516796875
2 0.4217578125 0.401640625 0.024609375 0.1636328125
3 0.4608203125 0.444609375 0.0567578125 0.1805859375
3 0.516875 0.44390625 0.0218359375 0.1930078125
5 0.5628515625 0.4149609375 0.05859375 0.1810546875
2 0.617734375 0.4009765625 0.0259375 0.1392578125
0 0.664609375 0.44875 0.0277734375 0.1612890625
0 0.6905859375 0.40328125 0.0383203125 0.1346875
0 0.7530859375 0.39453125 0.0346484375 0.12640625
0 0.8155859375 0.3594140625 0.0493359375 0.115859375
0 0.78984375 0.544296875 0.07140625 0.1134375
2 0.3045703125 0.6113671875 0.0383984375 0.1740625
2 0.467265625 0.636171875 0.0144921875 0.24203125
2 0.2053125 0.506875 0.042109375 0.1075