3 0.3074609375 0.34125 0.0404296875 0.1301171875
3 0.504375 0.3672265625 0.0252734375 0.1406640625
5 0.476328125 0.360078125 0.01515625 0.15859375
2 0.4388671875 0.3655859375 0.0459375 0.169609375
0 0.21828125 0.3479296875 0.0459375 0.1020703125
0 0.81984375 0.34125 0.026640625 0.1301171875
5 0.6415625 0.338046875 0.0376953125 0.1144921875
5 0.586875 0.338515625 0.0294140625 0.124609375
2 0.61421875 0.505703125 0.0335546875 0.1465625
3 0.5284765625 0.526875 0.0321875 0.1153125
1 0.453359375 0.5307421875 0.042734375 0.136875
1 0.3805078125 0.5307421875 0.0303125 0.136875