0 0.2894140625 0.3584765625 0.0356640625 0.0956640625
4 0.229453125 0.542265625 0.0673828125 0.11390625
4 0.8498046875 0.5316796875 0.0580859375 0.101953125
0 0.8080078125 0.3472265625 0.020390625 0.0961328125
0 0.7659375 0.3364453125 0.0236328125 0.1066796875
5 0.6317578125 0.291875 0.0309765625 0.118671875
3 0.596171875 0.3203515625 0.0470703125 0.12046875
3 0.54765625 0.31921875 0.0374609375 0.1227734375
5 0.49484375 0.337578125 0.0328515625 0.1227734375
1 0.451875 0.3426171875 0.0526171875 0.1053125
2 0.4966796875 0.537890625 0.0365234375 0.118984375
1 0.6565625 0.5190234375 0.02546875 0.1823828125
1 0.625546875 0.5277734375 0.0323828125 0.09875
5 0.5692578125 0.5194921875 0.0162890625 0.1005859375
5 0.3670703125 0.5858984375 0.0347265625 0.1184765625