4 0.257265625 0.2737109375 0.0264453125 0.096171875
4 0.2351953125 0.5351171875 0.0742578125 0.1501953125
4 0.798125 0.5259375 0.051171875 0.1134765625
4 0.738359375 0.294375 0.0419921875 0.1283203125
0 0.727578125 0.403984375 0.0341796875 0.0855078125
0 0.673359375 0.4405078125 0.0360546875 0.089609375
0 0.614296875 0.461171875 0.0328515625 0.1033984375
0 0.5460546875 0.4878125 0.0296484375 0.13828125
0 0.4957421875 0.4974609375 0.016328125 0.13
2 0.4773828125 0.4882421875 0.0530859375 0.18515625
2 0.443828125 0.4779296875 0.0135546875 0.13234375
2 0.4036328125 0.468515625 0.02046875 0.173203125
0 0.380859375 0.4386328125 0.0255078125 0.1226953125
0 0.357890625 0.453125 0.0347265625 0.1378515625
0 0.279765625 0.365390625 0.025546875 0.100234375
2 0.3055078125 0.6435546875 0.021875 0.1097265625
1 0.428203125 0.6968359375 0.0190625 0.106015625
2 0.6428125 0.6892578125 0.053046875 0.113828125
1 0.6783984375 0.6233203125 0.036953125 0.1244140625