0 0.233828125 0.3665234375 0.025546875 0.116328125
5 0.380859375 0.43796875 0.0255078125 0.1534765625
3 0.47828125 0.4579296875 0.0365234375 0.1796484375
0 0.5508984375 0.4076171875 0.0346875 0.1480078125
0 0.5931640625 0.4053125 0.02734375 0.207734375
0 0.6740234375 0.3919921875 0.0236328125 0.171875
1 0.750078125 0.40765625 0.03328125 0.129609375
4 0.2232421875 0.503671875 0.0503515625 0.091875
4 0.7758203125 0.55765625 0.04796875 0.07578125
2 0.6115625 0.63734375 0.045703125 0.129453125
2 0.370546875 0.6325 0.0278125 0.16484375