0 0.302734375 0.35640625 0.053125 0.15125
5 0.48703125 0.437734375 0.0448046875 0.1576171875
3 0.54953125 0.4430078125 0.022734375 0.136015625
3 0.5814453125 0.42484375 0.0360546875 0.1502734375
2 0.629921875 0.4039453125 0.0273046875 0.1590234375
0 0.6701171875 0.4232421875 0.0204296875 0.1241015625
1 0.43234375 0.6159765625 0.0181640625 0.1280859375
2 0.48265625 0.62609375 0.031484375 0.1483203125
5 0.60234375 0.62609375 0.02734375 0.129921875
5 0.762734375 0.60953125 0.0263671875 0.1336328125
0 0.71171875 0.4409375 0.02546875 0.0997265625
4 0.311484375 0.51515625 0.0430078125 0.1056640625