1 0.2894140625 0.3623828125 0.0356640625 0.062109375
1 0.536875 0.4733203125 0.0296484375 0.1598828125
1 0.458515625 0.4694140625 0.024609375 0.1750390625
1 0.3985546875 0.453359375 0.01953125 0.1153515625
2 0.3748828125 0.4744921875 0.0227734375 0.120859375
1 0.4732421875 0.6766015625 0.0172265625 0.1574609375
5 0.5534375 0.6594140625 0.0259375 0.136796875
5 0.6158984375 0.6446875 0.0590234375 0.1625390625
4 0.739296875 0.364453125 0.02546875 0.0800390625
0 0.662109375 0.4542578125 0.0365234375 0.1171875
0 0.3091796875 0.4708203125 0.047578125 0.0767578125