0 0.30734375 0.4444140625 0.0071484375 0.0928515625
5 0.4419921875 0.49421875 0.02828125 0.1327734375
1 0.5387109375 0.5038671875 0.014921875 0.1244921875
1 0.423359375 0.690390625 0.032421875 0.1298828125
1 0.28828125 0.6132421875 0.0379296875 0.122578125
4 0.6905859375 0.623125 0.05671875 0.091796875
1 0.6322265625 0.684453125 0.04109375 0.090390625
1 0.5265234375 0.679375 0.0319140625 0.1078515625
5 0.49484375 0.4843359375 0.0328515625 0.181953125
0 0.6983984375 0.4393359375 0.0631640625 0.1103125
0 0.61109375 0.506640625 0.0355859375 0.0932421875