1 0.2809375 0.5969140625 0.06 0.1221484375
1 0.622578125 0.594375 0.031015625 0.130859375
2 0.5980078125 0.7239453125 0.0323828125 0.1326171875
5 0.521484375 0.5971484375 0.031015625 0.1180078125
4 0.4573828125 0.6205859375 0.026875 0.11890625
2 0.40015625 0.748515625 0.02734375 0.13125
2 0.38203125 0.752890625 0.0416015625 0.126171875
1 0.6979296875 0.526171875 0.0346484375 0.0541796875
4 0.704375 0.6938671875 0.0475390625 0.104609375
0 0.3909765625 0.6040234375 0.02734375 0.1226171875
0 0.3404296875 0.7558984375 0.0365625 0.0908203125
0 0.2402734375 0.707890625 0.0383984375 0.0729296875
0 0.5233203125 0.748984375 0.016328125 0.141328125