0 0.29171875 0.580625 0.0310546875 0.1216796875
0 0.40109375 0.5817578125 0.047578125 0.1194140625
1 0.652890625 0.59046875 0.018125 0.12765625
0 0.6988671875 0.59484375 0.036484375 0.085859375
1 0.6678515625 0.7310546875 0.0433984375 0.1147265625
0 0.2947265625 0.7051171875 0.0140625 0.067421875
1 0.4879296875 0.5810546875 0.02828125 0.1134375
1 0.54078125 0.60703125 0.014453125 0.0872265625
3 0.4934375 0.7115625 0.0208984375 0.0986328125
1 0.5508984375 0.7087890625 0.0162890625 0.1115234375
4 0.2549609375 0.592578125 0.0310546875 0.0720703125