5 0.6077734375 0.4698828125 0.0206640625 0.1483984375
1 0.6576171875 0.4901171875 0.02390625 0.1153125
1 0.7134765625 0.4809375 0.0298828125 0.096953125
4 0.74703125 0.591640625 0.0326171875 0.08859375
2 0.2752734375 0.4969921875 0.0128515625 0.119921875
5 0.3492578125 0.4990625 0.02296875 0.119453125
5 0.4765625 0.50296875 0.011015625 0.104296875
3 0.5179296875 0.4976953125 0.020234375 0.1075
3 0.46921875 0.5048046875 0.0146875 0.0895703125
2 0.652109375 0.6281640625 0.03125 0.0743359375
2 0.2364453125 0.6242578125 0.03171875 0.0711328125