5 0.4365625 0.3403125 0.0321875 0.1833984375
3 0.5050390625 0.3899609375 0.03125 0.1172265625
3 0.528046875 0.3855859375 0.0404296875 0.1406640625
5 0.6109765625 0.35984375 0.0362890625 0.162734375
0 0.7309375 0.3350390625 0.028046875 0.0947265625
4 0.788359375 0.51859375 0.0418359375 0.080390625
0 0.7198828125 0.51125 0.042734375 0.0840625
4 0.2276953125 0.522734375 0.0418359375 0.0978515625
2 0.46140625 0.5847265625 0.026640625 0.12078125
3 0.5303125 0.569140625 0.035859375 0.1262890625
5 0.600859375 0.5663671875 0.034453125 0.12078125