0 0.155 0.3890234375 0.0471484375 0.0786328125
3 0.4605859375 0.5006640625 0.0425 0.145625
5 0.5513671875 0.5034375 0.0448046875 0.1511328125
2 0.3719140625 0.4710546875 0.039765625 0.127734375
2 0.3064453125 0.47609375 0.0237109375 0.0919140625
0 0.2517578125 0.4583984375 0.0521875 0.11625
1 0.202578125 0.4363671875 0.0365625 0.090546875
1 0.766875 0.4205078125 0.043828125 0.1001953125
0 0.7362890625 0.44828125 0.0241015625 0.1144140625
2 0.6779296875 0.4721875 0.0268359375 0.1070703125
4 0.7845703125 0.5709765625 0.05625 0.093203125
5 0.544453125 0.676640625 0.0218359375 0.1391015625
5 0.5743359375 0.67109375 0.0355859375 0.1464453125
2 0.388203125 0.6812109375 0.040234375 0.1115234375
2 0.3162890625 0.6359765625 0.0296875 0.1358984375
2 0.2588671875 0.6311328125 0.0342578125 0.1124609375
4 0.201640625 0.5700390625 0.053125 0.109765625
4 0.1559375 0.5397265625 0.048984375 0.1042578125
2 0.6602734375 0.634140625 0.0328125 0.1138671875