4 0.2469140625 0.292109375 0.0471484375 0.0777734375
4 0.2124609375 0.5087109375 0.0241796875 0.111171875
4 0.7760546875 0.48828125 0.043828125 0.0748828125
4 0.7326171875 0.3010546875 0.0351171875 0.0819140625
2 0.5246875 0.4195703125 0.0282421875 0.1351171875
5 0.4718359375 0.4312890625 0.023671875 0.1080078125
5 0.446796875 0.4432421875 0.0333203125 0.131875
4 0.39375 0.4432421875 0.032890625 0.113515625
1 0.4523046875 0.629765625 0.0259765625 0.137265625
2 0.3859375 0.621484375 0.0264453125 0.1207421875
0 0.5573046875 0.6290625 0.0291796875 0.1129296875