2 0.427734375 0.4202734375 0.02734375 0.1778515625
5 0.466328125 0.4588671875 0.01265625 0.163125
3 0.5357421875 0.46734375 0.0319140625 0.120390625
5 0.587421875 0.475625 0.038828125 0.1553125
1 0.6317578125 0.486640625 0.0309765625 0.158984375
1 0.7016015625 0.494453125 0.0236328125 0.1102734375
0 0.7448046875 0.510546875 0.018125 0.096484375
0 0.2678125 0.4542578125 0.056796875 0.1171875
4 0.234296875 0.583828125 0.0540234375 0.0821875
1 0.40453125 0.6169140625 0.0223046875 0.093203125
1 0.630625 0.656640625 0.03328125 0.1312890625
1 0.7328515625 0.69796875 0.067734375 0.14046875