0 0.3091796875 0.494453125 0.047578125 0.1286328125
5 0.3758203125 0.4823046875 0.024609375 0.1456640625
3 0.4603515625 0.45953125 0.046640625 0.1874609375
3 0.498515625 0.4891796875 0.0401953125 0.2053515625
5 0.5387109375 0.4901171875 0.014921875 0.1520703125
1 0.62578125 0.4735546875 0.0282421875 0.1557421875
1 0.6740234375 0.45953125 0.04203125 0.150703125
0 0.7130859375 0.4740234375 0.0190234375 0.1107421875
0 0.72734375 0.6091015625 0.0383203125 0.0867578125
1 0.5276953125 0.6440234375 0.0296484375 0.138203125
1 0.4212890625 0.6534375 0.0328515625 0.1156640625
4 0.256796875 0.6047265625 0.053125 0.1285546875