0 0.093203125 0.3816796875 0.0568359375 0.100703125
5 0.29515625 0.4090234375 0.024140625 0.1231640625
5 0.436015625 0.4437109375 0.04390625 0.17875
5 0.48609375 0.444609375 0.0245703125 0.1622265625
2 0.5396484375 0.4423046875 0.03515625 0.2035546875
0 0.6161328125 0.3858203125 0.0365234375 0.1548828125
0 0.742265625 0.3871875 0.045234375 0.130078125
1 0.8153515625 0.3672265625 0.0534765625 0.1406640625
1 0.893671875 0.51765625 0.0769140625 0.133671875
1 0.8185546875 0.55625 0.0507421875 0.13734375
0 0.7248046875 0.592109375 0.0470703125 0.117109375
4 0.606015625 0.6306640625 0.053046875 0.1575
5 0.50609375 0.609765625 0.05078125 0.1478515625
1 0.3546875 0.626328125 0.0374609375 0.1441796875
0 0.27953125 0.6269921875 0.048046875 0.1133984375
0 0.1770703125 0.6164453125 0.0544921875 0.11984375