4 0.4075390625 0.4028125 0.0420703125 0.161328125
4 0.513203125 0.4163671875 0.014453125 0.137890625
5 0.592265625 0.4200390625 0.02546875 0.1268359375
1 0.653828125 0.441640625 0.0199609375 0.1608203125
1 0.7066796875 0.4588671875 0.02453125 0.1263671875
1 0.8026953125 0.5895703125 0.0236328125 0.1074609375
1 0.5699609375 0.648828125 0.022265625 0.18
3 0.5123046875 0.649296875 0.031015625 0.1166015625
3 0.4849609375 0.6334375 0.0452734375 0.107890625
1 0.382265625 0.6378125 0.0374609375 0.1395703125
1 0.3443359375 0.62703125 0.039765625 0.0950390625
1 0.2305859375 0.421875 0.0466796875 0.0937890625
1 0.18625 0.4395703125 0.0361328125 0.0877734375
2 0.6402734375 0.64171875 0.0433984375 0.1244140625
2 0.4649609375 0.421875 0.0374609375 0.1305078125