1 0.32734375 0.4356640625 0.0149609375 0.121328125
2 0.41625 0.4441796875 0.0135546875 0.096953125
5 0.462890625 0.464609375 0.01953125 0.1332421875
1 0.501484375 0.48296875 0.023203125 0.1332421875
2 0.5359375 0.4721875 0.0278125 0.143828125
5 0.5848828125 0.464375 0.01078125 0.1373828125
5 0.6951953125 0.4170703125 0.0475390625 0.12546875
4 0.298828125 0.576015625 0.0315234375 0.094140625
4 0.7445703125 0.5925390625 0.040625 0.108828125
4 0.556171875 0.6334375 0.031484375 0.1446484375
4 0.6639453125 0.6472265625 0.021796875 0.153828125
2 0.490234375 0.633671875 0.023671875 0.122109375