2 0.3362890625 0.3768359375 0.0191015625 0.169140625
2 0.2905859375 0.367890625 0.033359375 0.1282421875
1 0.21453125 0.33296875 0.06046875 0.131953125
0 0.202109375 0.5121484375 0.04484375 0.0858984375
1 0.7567578125 0.3559375 0.0236328125 0.1594921875
0 0.812578125 0.3582421875 0.0295703125 0.1181640625
2 0.70390625 0.367421875 0.0190234375 0.17328125
5 0.571328125 0.4028125 0.03421875 0.1429296875
3 0.513203125 0.4271484375 0.0328515625 0.1456640625
3 0.4718359375 0.4303515625 0.04203125 0.1796875
1 0.4128125 0.3871875 0.02046875 0.1668359375
1 0.4422265625 0.6162109375 0.024140625 0.14234375
1 0.5775390625 0.614375 0.0328515625 0.15703125
0 0.8041015625 0.5426953125 0.0539453125 0.105625
2 0.3601953125 0.6269921875 0.0301171875 0.1317578125
2 0.32640625 0.592109375 0.013125 0.13546875
2 0.2579296875 0.54984375 0.032421875 0.124453125