0 0.26875 0.47859375 0.040234375 0.1566796875
1 0.448203125 0.5360546875 0.0452734375 0.15203125
2 0.5265234375 0.5048046875 0.0319140625 0.1447265625
2 0.563984375 0.49078125 0.037890625 0.158046875
0 0.615234375 0.4974609375 0.0162890625 0.18515625
0 0.665546875 0.499765625 0.029609375 0.10703125
4 0.7108203125 0.641484375 0.0236328125 0.091796875
1 0.5577734375 0.679375 0.039296875 0.144609375
1 0.353984375 0.6977734375 0.031484375 0.1078515625
0 0.2862109375 0.6655859375 0.0383984375 0.098671875
1 0.3346875 0.5259375 0.0296484375 0.1318359375
5 0.4084375 0.5270703125 0.0255078125 0.12953125