1 0.7364453125 0.5587890625 0.0206640625 0.12859375
1 0.788125 0.5008984375 0.027578125 0.0863671875
2 0.35546875 0.5385546875 0.04 0.124921875
3 0.4710546875 0.5433984375 0.0367578125 0.1116015625
1 0.5190625 0.544296875 0.0179296875 0.1134375
0 0.487578125 0.7158984375 0.0330859375 0.111953125
0 0.441171875 0.710625 0.02296875 0.1151953125
0 0.3336328125 0.719375 0.046875 0.0866796875
4 0.22609375 0.4834375 0.07078125 0.1066015625
4 0.2679296875 0.706015625 0.034921875 0.0876171875
4 0.714609375 0.7251171875 0.0459375 0.0751953125