0 0.21359375 0.3286328125 0.0402734375 0.1186328125
5 0.3615625 0.37984375 0.0383984375 0.130078125
5 0.39671875 0.3589453125 0.0342578125 0.1425
3 0.48703125 0.3633203125 0.0448046875 0.1374609375
3 0.52859375 0.37296875 0.031484375 0.11078125
5 0.6195703125 0.33390625 0.029609375 0.1521875
5 0.6775 0.3476953125 0.0351171875 0.14296875
1 0.816015625 0.3274609375 0.04109375 0.1025390625
2 0.5968359375 0.517421875 0.0162890625 0.119453125
3 0.537109375 0.513984375 0.0438671875 0.10796875
1 0.4458984375 0.551640625 0.031484375 0.1648828125
5 0.3606640625 0.536953125 0.040234375 0.1538671875
0 0.256328125 0.5137890625 0.0430078125 0.056953125