0 0.3490234375 0.4816015625 0.0455078125 0.1212890625
1 0.2959375 0.448515625 0.0450390625 0.0919140625
1 0.475625 0.51125 0.0091796875 0.1391796875
1 0.4395703125 0.4928515625 0.01515625 0.1024609375
3 0.516328125 0.515390625 0.019765625 0.1125390625
1 0.5680078125 0.482734375 0.019296875 0.1557421875
1 0.6238671875 0.49078125 0.0252734375 0.1396875
0 0.6861328125 0.4609375 0.0441015625 0.089140625
0 0.738046875 0.4393359375 0.0284765625 0.0919140625
1 0.79296875 0.4972265625 0.0326171875 0.11578125
2 0.6236328125 0.6423828125 0.0294140625 0.130390625
2 0.3926953125 0.6398828125 0.0133203125 0.10234375
4 0.2476953125 0.545703125 0.0496484375 0.0886328125
5 0.3570703125 0.6306640625 0.0294140625 0.1391015625